data/corinthe/IONEX/igsg1680.15i
     1.0            IONOSPHERE MAPS     MIX                 IONEX VERSION / TYPE
cmpcmb v1.2          GRL/UWM             7-jul-15 17:18     PGM / RUN BY / DATE 
ionex file containing IGS COMBINED Ionosphere maps          COMMENT             
global ionosphere maps for day 168, 2015                    DESCRIPTION         
IONEX file containing the COMBINED IGS TEC MAPS and DCBs    DESCRIPTION         
      IONEX files of the following IAACs were combined: cod DESCRIPTION         
                                                        jpl DESCRIPTION         
Contact address: Andrzej Krankowski                         DESCRIPTION
                 Geodynamics Research Laboratory            DESCRIPTION
                 University of Warmia and Mazury (GRL/UWM)  DESCRIPTION
                 Oczapowski St. 1                           DESCRIPTION
                 10-957-Olsztyn, POLAND                     DESCRIPTION
                 e-mail:  kand@uwm.edu.pl                   DESCRIPTION
                                                            DESCRIPTION         
  2015     6    17     0     0     0                        EPOCH OF FIRST MAP  
  2015     6    18     0     0     0                        EPOCH OF LAST MAP   
  7200                                                      INTERVAL            
    13                                                      # OF MAPS IN FILE   
  COSZ                                                      MAPPING FUNCTION    
     0.0                                                    ELEVATION CUTOFF    
combined TEC calculated as weighted mean of input TEC valuesOBSERVABLES USED    
   321                                                      # OF STATIONS       
    32                                                      # OF SATELLITES     
  6371.0                                                    BASE RADIUS         
     2                                                      MAP DIMENSION       
   450.0 450.0   0.0                                        HGT1 / HGT2 / DHGT  
    87.5 -87.5  -2.5                                        LAT1 / LAT2 / DLAT  
  -180.0 180.0   5.0                                        LON1 / LON2 / DLON  
    -1                                                      EXPONENT            
TEC values in 0.1 tec units;  9999, if no value available   COMMENT             
DCB values in nanoseconds, reference is Sum_of_SatDCBs = 0  COMMENT             
                                                            END OF HEADER       
[from data line 1287]
     4                                                      START OF TEC MAP    
  2015     6    17     6     0     0                        EPOCH OF CURRENT MAP
    87.5-180.0 180.0   5.0 450.0                            LAT/LON1/LON2/DLON/H
  164  165  165  166  166  166  167  167  168  169  169  170  170  171  171  172
  172  173  173  174  174  174  174  174  174  174  174  174  174  174  174  174
  174  174  173  173  173  173  173  173  173  172  172  172  172  172  172  172
  171  171  171  171  171  170  170  169  169  168  168  168  167  167  166  166
  166  165  165  165  165  165  164  164  164
    85.0-180.0 180.0   5.0 450.0                            LAT/LON1/LON2/DLON/H
  158  158  159  159  161  162  163  164  166  167  169  170  171  172  174  174
  175  176  176  177  177  177  177  176  176  176  176  175  175  174  174  174
  173  173  172  172  172  171  171  171  171  171  172  172  172  172  173  173
  173  174  174  173  173  173  173  172  171  171  170  169  167  166  165  163
  162  161  160  159  159  158  158  158  158
    82.5-180.0 180.0   5.0 450.0                            LAT/LON1/LON2/DLON/H
  151  152  153  154  156  157  160  162  165  166  169  171  172  174  175  177
  178  178  178  179  178  178  177  176  176  174  173  172  171  171  170  169
  168  167  167  167  166  166  165  166  166  167  168  169  170  171  173  174
  176  177  178  179  179  180  179  179  178  177  175  173  171  169  166  164
  161  159  157  155  153  152  151  151  151
    80.0-180.0 180.0   5.0 450.0                            LAT/LON1/LON2/DLON/H
  146  148  149  151  153  155  158  161  163  166  169  172  174  176  178  178
  179  179  179  178  177  176  174  172  171  169  167  166  164  163  162  161
  160  159  159  158  157  157  157  158  158  160  161  164  167  169  172  176
  179  181  184  187  188  189  189  189  189  187  185  183  180  176  172  169
  165  161  157  154  151  149  147  147  146
    77.5-180.0 180.0   5.0 450.0                            LAT/LON1/LON2/DLON/H
  145  146  147  149  152  155  158  161  164  167  170  172  174  176  178  179
  179  179  179  177  175  172  169  166  162  159  157  155  153  152  151  150
  150  150  150  149  149  149  149  149  150  152  155  159  162  167  173  178
  183  188  192  196  198  201  201  202  201  199  198  195  192  188  183  178
  173  167  162  157  153  149  147  145  145
    75.0-180.0 180.0   5.0 450.0                            LAT/LON1/LON2/DLON/H
  147  147  149  150  153  156  159  162  164  166  168  171  173  175  176  177
  177  177  175  173  170  166  162  156  152  147  144  141  140  139  140  140
  141  142  142  142  142  142  142  143  144  147  151  155  161  168  175  182
  189  195  200  205  209  212  213  214  213  212  211  208  204  200  195  189
  183  177  170  164  159  154  150  148  147
    72.5-180.0 180.0   5.0 450.0                            LAT/LON1/LON2/DLON/H
  153  152  153  154  156  158  160  161  163  164  165  167  169  170  171  172
  173  173  171  169  165  160  154  147  141  136  132  129  128  129  130  132
  134  136  137  138  138  138  138  139  141  145  150  156  163  171  180  188
  196  204  210  214  219  221  222  222  222  221  219  218  215  212  208  202
  196  188  181  173  167  161  157  154  153
    70.0-180.0 180.0   5.0 450.0                            LAT/LON1/LON2/DLON/H
  160  159  160  159  160  160  160  160  161  161  160  161  161  162  163  164
  165  165  165  162  158  153  146  138  131  125  121  119  118  120  123  127
  131  134  136  137  138  138  139  140  143  147  154  161  170  179  189  197
  206  212  219  223  226  227  228  227  227  226  224  223  222  220  217  212
  207  200  192  184  177  170  165  162  160
    67.5-180.0 180.0   5.0 450.0                            LAT/LON1/LON2/DLON/H
  170  168  167  166  165  163  161  160  158  157  155  154  152  151  151  153
  154  155  155  154  150  144  137  130  122  116  112  110  111  114  119  124
  130  135  138  141  141  142  143  145  149  155  162  171  181  191  201  209
  217  223  228  231  232  232  230  228  226  224  224  223  223  223  222  219
  214  208  201  193  186  180  175  171  170
    65.0-180.0 180.0   5.0 450.0                            LAT/LON1/LON2/DLON/H
  180  178  177  174  172  168  164  160  156  153  149  146  142  140  139  140
  141  143  144  143  140  135  128  120  114  108  105  104  106  111  117  125
  132  139  144  147  148  150  152  154  160  166  175  186  196  207  217  224
  231  235  238  239  239  236  233  228  224  221  219  218  220  221  221  220
  218  213  207  200  194  188  184  181  180
    62.5-180.0 180.0   5.0 450.0                            LAT/LON1/LON2/DLON/H
  190  190  188  184  179  173  168  162  157  151  146  141  136  131  129  128
  128  130  131  130  127  124  118  113  106  102  100  100  103  109  117  125
  135  143  150  155  158  160  163  167  173  181  191  203  215  225  235  242
  247  250  252  251  248  243  237  229  223  217  213  213  213  216  218  218
  217  214  209  203  198  194  192  191  190
    60.0-180.0 180.0   5.0 450.0                            LAT/LON1/LON2/DLON/H
  202  203  200  196  190  182  173  166  160  153  147  140  133  126  121  119
  117  118  118  118  116  113  109  105  101   98   96   97  101  107  116  127
  137  148  157  163  168  172  177  182  189  198  209  221  233  245  254  261
  265  268  268  266  261  255  247  236  226  217  211  209  208  211  213  215
  215  213  210  205  201  199  199  200  202
    57.5-180.0 180.0   5.0 450.0                            LAT/LON1/LON2/DLON/H
  213  215  215  211  203  193  182  173  166  158  151  143  134  126  119  114
  111  110  109  108  106  104  102   99   97   95   94   95  100  106  115  126
  138  151  162  172  179  186  192  198  206  215  227  239  252  265  275  282
  286  288  288  286  281  274  263  250  237  225  215  209  206  207  210  211
  212  211  208  205  203  203  206  209  213
    55.0-180.0 180.0   5.0 450.0                            LAT/LON1/LON2/DLON/H
  224  229  231  227  219  207  195  184  176  168  160  151  140  129  121  114
  110  107  106  104  102  100   98   97   96   95   95   96   98  105  113  125
  138  152  166  179  190  200  208  216  225  234  245  258  271  284  295  303
  308  310  311  309  305  297  286  272  255  239  226  215  210  209  209  211
  211  211  208  206  204  206  210  217  224
    52.5-180.0 180.0   5.0 450.0                            LAT/LON1/LON2/DLON/H
  232  240  245  244  236  224  210  198  188  180  170  160  148  136  127  119
  114  111  109  106  103  101  100   99   99   99   98   97  100  104  112  124
  137  153  169  185  200  213  226  236  244  253  263  275  290  304  316  324
  330  333  333  333  330  323  312  297  278  259  242  228  219  214  213  214
  214  212  209  207  206  209  214  222  232
    50.0-180.0 180.0   5.0 450.0                            LAT/LON1/LON2/DLON/H
  236  248  257  258  252  240  226  213  202  192  182  169  156  144  134  128
  123  120  118  114  111  108  106  106  106  106  104  103  103  107  113  124
  138  154  172  191  210  227  244  256  265  273  281  294  308  323  335  344
  350  353  354  355  353  348  337  322  302  282  261  244  232  224  221  220
  218  216  213  210  208  210  215  224  236
    47.5-180.0 180.0   5.0 450.0                            LAT/LON1/LON2/DLON/H
  235  249  261  267  265  254  241  227  215  205  193  178  163  151  143  138
  135  133  131  127  123  119  116  116  116  115  113  111  110  112  117  127
  140  156  175  196  218  241  261  276  287  294  302  312  327  341  354  363
  367  369  370  371  370  366  356  342  324  303  282  263  247  237  232  229
  227  224  220  215  211  211  214  223  235
    45.0-180.0 180.0   5.0 450.0                            LAT/LON1/LON2/DLON/H
  229  244  258  269  270  264  252  239  227  216  202  186  170  158  150  148
  147  148  146  142  137  132  130  128  127  125  123  120  119  120  125  134
  145  161  180  202  227  253  278  297  309  315  322  331  344  358  370  378
  381  380  379  379  379  376  368  356  341  321  301  281  264  252  244  241
  238  234  228  222  216  213  212  218  229
    42.5-180.0 180.0   5.0 450.0                            LAT/LON1/LON2/DLON/H
  221  235  251  264  270  267  258  246  235  224  210  193  177  164  158  157
  159  161  160  155  150  146  142  140  138  136  133  131  130  131  135  142
  153  166  185  207  235  264  292  314  328  335  341  349  360  372  382  387
  388  386  383  382  381  379  374  366  354  338  320  300  281  267  258  254
  250  246  240  232  223  216  212  214  221
    40.0-180.0 180.0   5.0 450.0                            LAT/LON1/LON2/DLON/H
  216  225  240  254  264  264  257  247  237  228  215  200  184  171  165  165
  168  170  170  166  161  157  154  152  148  145  143  142  141  143  146  152
  161  173  191  214  242  274  303  327  342  350  355  361  370  380  387  391
  389  385  382  380  380  381  379  375  368  356  340  320  300  283  273  267
  264  260  254  245  235  225  217  213  216
    37.5-180.0 180.0   5.0 450.0                            LAT/LON1/LON2/DLON/H
  218  222  232  245  255  257  251  243  236  230  220  208  192  180  173  172
  174  177  176  174  171  168  166  163  159  155  152  151  152  153  156  160
  168  180  196  220  248  279  310  334  350  357  361  365  373  380  385  387
  385  382  380  381  384  389  391  391  388  379  364  343  320  300  287  281
  278  275  270  261  251  240  230  221  218
    35.0-180.0 180.0   5.0 450.0                            LAT/LON1/LON2/DLON/H
  231  228  232  240  247  250  246  239  234  230  225  216  203  190  181  177
  178  179  179  179  180  180  180  176  170  164  161  160  161  161  163  166
  173  184  201  223  250  281  310  334  348  354  357  360  366  372  376  378
  378  380  383  389  398  408  416  420  420  412  396  372  343  318  301  295
  292  289  285  279  272  263  252  240  231
    32.5-180.0 180.0   5.0 450.0                            LAT/LON1/LON2/DLON/H
  258  248  243  243  247  248  244  238  234  233  232  227  217  203  190  183
  180  178  180  183  189  195  197  193  184  176  171  169  168  167  166  168
  174  185  201  223  250  278  305  325  336  341  343  346  352  358  364  368
  374  381  393  408  426  443  457  464  464  455  436  405  369  337  316  306
  303  302  300  298  295  291  283  271  258
    30.0-180.0 180.0   5.0 450.0                            LAT/LON1/LON2/DLON/H
  297  280  267  260  257  255  251  245  241  241  242  240  231  217  201  188
  181  179  181  189  202  214  220  215  203  190  182  177  173  169  165  165
  170  181  197  219  245  270  292  308  317  319  322  326  332  341  350  359
  372  390  413  439  466  491  509  519  518  505  480  442  397  356  330  317
  312  311  313  316  320  323  320  312  297
    27.5-180.0 180.0   5.0 450.0                            LAT/LON1/LON2/DLON/H
  344  324  303  287  279  274  270  264  258  256  256  255  247  231  212  195
  184  180  185  199  218  237  246  240  224  206  193  184  176  168  161  158
  162  172  189  210  234  258  276  287  293  295  298  304  313  324  337  354
  376  405  438  475  510  541  562  572  569  553  522  478  425  377  344  326
  319  318  322  332  344  355  361  358  344
    25.0-180.0 180.0   5.0 450.0                            LAT/LON1/LON2/DLON/H
  395  374  348  326  311  305  301  295  286  279  276  273  264  247  225  205
  190  185  192  211  237  263  274  267  246  222  204  189  177  164  153  146
  149  158  175  197  222  243  258  265  268  271  277  285  296  311  329  354
  385  423  464  507  548  582  604  612  606  588  555  508  451  399  360  337
  326  324  330  344  363  383  399  403  395
    22.5-180.0 180.0   5.0 450.0                            LAT/LON1/LON2/DLON/H
  441  423  395  369  349  343  341  336  323  308  300  293  281  261  238  216
  200  195  204  227  258  288  301  291  266  235  210  190  173  156  142  133
  132  141  159  182  207  228  241  247  249  253  262  273  287  305  328  358
  396  440  484  527  568  601  622  628  621  604  573  529  474  421  379  351
  335  330  336  352  377  404  429  443  441
    20.0-180.0 180.0   5.0 450.0                            LAT/LON1/LON2/DLON/H
  476  463  437  409  388  382  384  381  364  342  325  313  297  276  252  230
  214  209  219  243  277  307  321  308  277  242  211  186  165  146  129  119
  116  124  141  166  192  214  227  233  237  244  256  271  287  306  332  365
  406  450  491  529  564  592  610  615  609  596  575  541  494  445  402  369
  347  338  342  358  384  416  448  470  476
    17.5-180.0 180.0   5.0 450.0                            LAT/LON1/LON2/DLON/H
  495  489  466  438  418  415  424  425  404  374  350  330  312  288  265  245
  230  225  233  257  290  319  330  315  280  239  204  175  153  133  117  105
  101  108  124  150  178  203  218  226  232  243  259  276  293  313  339  373
  412  451  485  513  538  559  573  579  577  574  564  544  511  469  427  390
  364  350  349  362  385  417  452  481  495
    15.0-180.0 180.0   5.0 450.0                            LAT/LON1/LON2/DLON/H
  497  496  478  453  435  435  451  457  436  400  369  346  323  299  277  259
  246  241  247  267  296  320  327  309  270  227  189  160  137  120  104   93
   89   94  109  135  166  193  213  224  235  249  268  288  305  324  349  380
  414  445  468  484  500  514  527  534  539  544  549  544  524  492  453  415
  385  366  360  366  383  411  445  477  497
    12.5-180.0 180.0   5.0 450.0                            LAT/LON1/LON2/DLON/H
  483  485  471  449  434  438  460  473  453  415  379  353  330  307  287  271
  260  253  257  271  292  309  312  290  251  205  167  138  118  105   93   85
   80   84   98  123  155  185  209  225  239  258  280  301  317  335  357  384
  413  436  449  456  464  475  487  497  508  522  536  544  536  512  476  437
  405  384  373  372  381  401  431  461  483
    10.0-180.0 180.0   5.0 450.0                            LAT/LON1/LON2/DLON/H
  462  465  452  431  417  424  450  467  451  414  379  353  331  310  292  280
  270  263  261  268  280  289  285  260  220  175  139  114   99   90   83   78
   75   78   90  115  146  179  205  226  245  266  289  311  328  344  363  387
  411  429  437  439  444  455  469  483  498  515  534  546  545  526  492  455
  424  401  388  381  383  396  418  443  462
     7.5-180.0 180.0   5.0 450.0                            LAT/LON1/LON2/DLON/H
  443  444  430  408  393  398  422  442  430  398  367  345  326  308  295  285
  277  268  262  260  262  261  250  224  185  143  110   89   80   76   74   73
   72   74   86  108  139  172  200  225  247  269  294  315  332  347  366  388
  411  429  437  442  449  464  482  498  513  528  544  553  550  531  499  464
  435  415  402  393  391  397  410  428  443
     5.0-180.0 180.0   5.0 450.0                            LAT/LON1/LON2/DLON/H
  434  430  414  391  372  370  387  403  395  370  345  329  315  302  292  286
  278  269  258  249  241  231  216  187  151  113   84   68   63   64   67   68
   70   72   84  104  133  165  195  220  244  267  290  311  328  344  363  388
  413  435  451  462  477  498  519  535  546  555  561  561  551  528  496  464
  439  423  413  405  403  405  413  424  434
     2.5-180.0 180.0   5.0 450.0                            LAT/LON1/LON2/DLON/H
  434  429  412  387  364  354  358  365  357  337  319  308  300  292  287  282
  275  265  252  237  221  205  184  157  123   90   66   53   51   55   60   65
   68   73   84  102  128  157  186  212  236  257  279  299  317  335  357  385
  417  448  473  495  519  544  568  582  587  585  578  566  545  516  483  453
  434  424  418  415  416  418  424  430  434
