data/corinthe/IONEX/igsg1670.15i
     1.0            IONOSPHERE MAPS     MIX                 IONEX VERSION / TYPE
cmpcmb v1.2          GRL/UWM             7-jul-15 17:13     PGM / RUN BY / DATE 
ionex file containing IGS COMBINED Ionosphere maps          COMMENT             
global ionosphere maps for day 167, 2015                    DESCRIPTION         
IONEX file containing the COMBINED IGS TEC MAPS and DCBs    DESCRIPTION         
      IONEX files of the following IAACs were combined: cod DESCRIPTION         
                                                        jpl DESCRIPTION         
Contact address: Andrzej Krankowski                         DESCRIPTION
                 Geodynamics Research Laboratory            DESCRIPTION
                 University of Warmia and Mazury (GRL/UWM)  DESCRIPTION
                 Oczapowski St. 1                           DESCRIPTION
                 10-957-Olsztyn, POLAND                     DESCRIPTION
                 e-mail:  kand@uwm.edu.pl                   DESCRIPTION
                                                            DESCRIPTION         
  2015     6    16     0     0     0                        EPOCH OF FIRST MAP  
  2015     6    17     0     0     0                        EPOCH OF LAST MAP   
  7200                                                      INTERVAL            
    13                                                      # OF MAPS IN FILE   
  COSZ                                                      MAPPING FUNCTION    
     0.0                                                    ELEVATION CUTOFF    
combined TEC calculated as weighted mean of input TEC valuesOBSERVABLES USED    
   320                                                      # OF STATIONS       
    32                                                      # OF SATELLITES     
  6371.0                                                    BASE RADIUS         
     2                                                      MAP DIMENSION       
   450.0 450.0   0.0                                        HGT1 / HGT2 / DHGT  
    87.5 -87.5  -2.5                                        LAT1 / LAT2 / DLAT  
  -180.0 180.0   5.0                                        LON1 / LON2 / DLON  
    -1                                                      EXPONENT            
TEC values in 0.1 tec units;  9999, if no value available   COMMENT             
DCB values in nanoseconds, reference is Sum_of_SatDCBs = 0  COMMENT             
                                                            END OF HEADER       
[from data line 2574]
     7                                                      START OF TEC MAP    
  2015     6    16    12     0     0                        EPOCH OF CURRENT MAP
    87.5-180.0 180.0   5.0 450.0                            LAT/LON1/LON2/DLON/H
  160  160  160  160  160  160  160  160  160  160  160  160  161  161  161  161
  161  161  161  162  162  162  162  162  162  162  162  162  162  162  162  163
  163  163  163  163  163  163  163  163  162  162  162  162  162  162  162  162
  162  162  162  162  162  162  162  162  162  162  162  162  162  162  162  162
  162  162  161  161  161  161  160  160  160
    85.0-180.0 180.0   5.0 450.0                            LAT/LON1/LON2/DLON/H
  159  159  159  159  158  158  158  158  158  158  158  159  159  160  160  161
  161  161  162  163  163  163  163  164  164  164  164  164  164  165  165  165
  165  165  165  164  164  164  164  164  164  163  163  163  163  163  163  163
  163  163  163  164  164  164  164  164  164  164  165  164  164  164  164  163
  163  163  162  162  161  161  160  160  159
    82.5-180.0 180.0   5.0 450.0                            LAT/LON1/LON2/DLON/H
  159  158  157  157  157  157  157  156  156  157  157  158  158  159  159  160
  161  162  162  163  164  164  164  165  165  165  166  166  166  166  166  167
  167  168  168  168  167  167  167  167  166  166  166  165  165  165  165  165
  165  165  166  166  167  167  167  167  167  168  168  167  167  167  166  165
  164  164  163  162  161  161  160  159  159
    80.0-180.0 180.0   5.0 450.0                            LAT/LON1/LON2/DLON/H
  157  156  155  155  155  154  154  154  154  154  154  155  156  157  157  158
  159  160  161  162  163  164  164  164  164  164  164  165  165  166  167  168
  168  169  170  171  172  172  172  171  171  170  169  168  168  167  167  167
  167  168  169  169  170  171  171  172  172  171  171  171  170  168  168  167
  165  164  163  161  160  159  158  157  157
    77.5-180.0 180.0   5.0 450.0                            LAT/LON1/LON2/DLON/H
  153  153  152  152  151  151  151  151  150  150  151  151  152  153  154  156
  157  158  159  160  161  161  161  161  160  160  159  159  160  161  163  165
  167  169  171  173  175  176  176  176  175  174  173  172  171  170  170  170
  171  172  173  174  175  176  177  176  176  176  175  173  172  170  168  166
  164  162  161  159  158  157  155  154  153
    75.0-180.0 180.0   5.0 450.0                            LAT/LON1/LON2/DLON/H
  148  147  146  147  146  146  146  145  145  146  146  146  147  148  150  151
  153  155  156  157  157  156  156  155  153  152  151  151  152  154  156  160
  164  167  171  175  177  179  180  180  179  178  176  175  174  174  174  174
  175  177  178  180  181  182  182  182  181  180  178  176  173  171  168  165
  162  160  157  155  153  151  149  148  148
    72.5-180.0 180.0   5.0 450.0                            LAT/LON1/LON2/DLON/H
  140  140  140  140  140  140  140  141  141  141  141  142  143  144  146  147
  149  150  151  151  151  150  148  146  144  143  141  141  142  145  148  153
  159  164  170  175  178  181  182  183  182  180  179  178  177  177  177  178
  180  181  183  185  186  187  186  186  185  183  181  178  175  171  168  165
  161  157  154  151  148  145  143  141  140
    70.0-180.0 180.0   5.0 450.0                            LAT/LON1/LON2/DLON/H
  132  131  131  131  132  133  134  135  136  137  138  139  140  141  143  144
  145  145  146  145  144  143  140  138  135  132  131  131  132  135  140  146
  154  161  169  175  179  182  184  184  183  182  181  180  179  180  181  182
  184  186  188  189  190  190  190  189  188  186  184  181  178  175  171  167
  162  157  153  148  144  140  137  134  132
    67.5-180.0 180.0   5.0 450.0                            LAT/LON1/LON2/DLON/H
  125  123  122  123  124  126  127  130  131  133  134  136  138  139  140  141
  141  141  141  139  137  135  133  129  127  125  123  124  125  129  134  142
  150  159  167  174  179  183  184  185  184  183  182  182  182  183  184  186
  187  189  190  191  191  192  191  191  190  189  188  186  184  180  177  172
  166  161  155  149  143  138  133  128  125
    65.0-180.0 180.0   5.0 450.0                            LAT/LON1/LON2/DLON/H
  122  118  116  116  116  118  121  123  125  128  132  134  137  138  140  140
  139  138  136  134  132  129  126  124  122  120  119  120  122  127  133  140
  150  159  168  175  180  183  185  185  185  184  185  185  186  187  189  190
  191  191  192  191  191  192  192  192  193  194  194  194  193  190  187  182
  176  170  163  155  148  141  133  127  122
    62.5-180.0 180.0   5.0 450.0                            LAT/LON1/LON2/DLON/H
  122  117  112  111  111  112  113  116  119  123  128  132  136  138  139  139
  138  136  133  130  127  125  123  121  120  120  120  122  125  130  137  145
  154  162  171  177  182  185  186  187  187  187  189  190  192  193  194  194
  193  192  192  191  191  191  192  193  196  199  202  204  204  203  200  195
  189  182  174  166  158  149  139  130  122
    60.0-180.0 180.0   5.0 450.0                            LAT/LON1/LON2/DLON/H
  128  120  113  109  107  107  108  110  113  118  123  129  133  137  139  139
  137  134  130  127  124  122  122  122  122  123  126  129  134  139  146  154
  161  170  177  182  186  188  190  191  191  193  195  197  199  200  199  198
  196  193  191  190  190  191  193  196  201  205  210  214  216  216  213  209
  203  196  189  181  171  161  150  139  128
    57.5-180.0 180.0   5.0 450.0                            LAT/LON1/LON2/DLON/H
  137  127  118  111  107  105  103  104  106  111  117  123  130  134  137  139
  137  134  130  126  124  123  123  124  126  130  134  139  146  152  159  166
  174  181  187  191  194  196  197  198  200  202  205  207  208  208  206  202
  199  194  192  191  191  192  196  200  207  213  219  223  226  227  225  221
  216  209  203  195  186  175  162  149  137
    55.0-180.0 180.0   5.0 450.0                            LAT/LON1/LON2/DLON/H
  147  135  125  117  110  105  102  101  101  105  110  117  124  131  135  137
  136  133  130  126  124  124  125  129  132  138  144  152  159  167  174  181
  188  194  200  204  207  208  209  210  211  213  217  219  218  217  213  207
  202  197  194  193  194  197  202  207  214  220  226  230  232  233  232  229
  224  219  214  207  198  188  174  160  147
    52.5-180.0 180.0   5.0 450.0                            LAT/LON1/LON2/DLON/H
  155  143  133  124  116  108  103  100   99  100  104  110  118  125  132  135
  135  134  131  128  127  127  129  133  138  146  155  164  174  182  190  197
  203  210  216  221  224  226  226  226  227  229  231  232  230  226  220  213
  206  201  198  198  201  205  210  215  221  227  231  233  234  234  234  232
  229  224  220  214  206  195  182  168  155
    50.0-180.0 180.0   5.0 450.0                            LAT/LON1/LON2/DLON/H
  159  149  140  131  123  115  108  103  100   99  101  106  112  120  127  132
  134  135  133  131  131  131  133  137  144  153  164  175  185  195  203  211
  219  226  234  241  246  248  248  247  247  248  248  248  244  237  228  219
  211  206  204  205  209  213  218  223  227  231  232  233  232  232  231  231
  229  226  223  217  207  196  183  171  159
    47.5-180.0 180.0   5.0 450.0                            LAT/LON1/LON2/DLON/H
  158  151  145  138  130  122  115  109  105  102  101  104  109  116  123  130
  135  136  136  135  134  135  137  141  148  159  171  183  196  205  214  223
  232  243  254  264  271  275  275  273  272  271  270  266  259  249  238  227
  218  214  211  213  216  221  225  229  232  233  232  230  228  228  228  229
  230  228  224  216  206  192  179  167  158
    45.0-180.0 180.0   5.0 450.0                            LAT/LON1/LON2/DLON/H
  154  151  148  144  137  129  123  118  114  110  107  107  110  115  123  130
  136  139  140  140  138  138  140  144  152  163  176  190  202  213  223  232
  245  259  275  289  299  305  305  302  299  297  294  288  278  265  251  238
  228  221  219  220  223  227  230  232  233  232  229  225  223  224  226  229
  230  230  225  216  202  187  173  161  154
    42.5-180.0 180.0   5.0 450.0                            LAT/LON1/LON2/DLON/H
  151  151  151  149  143  136  131  128  126  123  118  116  116  119  125  133
  139  144  145  145  143  141  143  148  155  168  181  196  208  218  229  241
  256  275  295  314  328  336  337  334  330  327  322  314  300  284  267  252
  240  232  227  225  226  228  230  231  231  229  225  221  220  222  226  231
  234  234  228  217  201  183  167  157  151
    40.0-180.0 180.0   5.0 450.0                            LAT/LON1/LON2/DLON/H
  151  152  155  154  148  141  137  138  139  138  134  130  128  129  132  138
  144  150  152  151  148  146  146  151  160  173  187  201  213  223  235  248
  267  290  315  338  356  366  368  365  361  357  352  342  326  307  288  270
  255  243  235  230  228  228  229  229  228  225  221  218  218  223  229  236
  241  241  235  223  204  184  167  155  151
    37.5-180.0 180.0   5.0 450.0                            LAT/LON1/LON2/DLON/H
  157  158  160  158  152  146  144  148  153  155  154  149  145  143  145  148
  153  158  160  158  155  152  152  157  166  180  195  208  219  228  239  255
  278  305  333  360  381  393  397  396  392  389  383  372  354  332  311  290
  273  258  246  237  231  229  229  228  227  224  220  219  220  225  233  241
  248  249  243  231  212  191  173  161  157
    35.0-180.0 180.0   5.0 450.0                            LAT/LON1/LON2/DLON/H
  169  169  169  166  158  151  152  159  168  173  173  169  165  161  160  160
  163  167  170  169  166  161  161  166  175  189  204  216  225  233  244  262
  288  318  351  379  401  416  422  422  420  418  412  400  381  359  336  314
  295  277  261  248  239  235  234  233  231  228  224  223  224  229  236  245
  252  254  250  238  221  202  185  174  169
    32.5-180.0 180.0   5.0 450.0                            LAT/LON1/LON2/DLON/H
  185  183  181  176  167  160  160  169  181  189  191  189  185  181  177  174
  175  179  183  184  181  176  174  178  187  201  214  225  232  238  249  269
  297  331  365  395  418  433  441  443  444  443  437  426  407  385  362  340
  320  300  282  267  256  251  249  247  243  239  234  231  230  232  238  244
  250  254  251  242  229  214  200  190  185
    30.0-180.0 180.0   5.0 450.0                            LAT/LON1/LON2/DLON/H
  202  200  196  189  180  173  174  182  193  201  205  205  202  199  194  188
  187  191  197  201  200  196  192  194  202  213  225  233  239  243  255  277
  308  343  377  408  430  446  455  460  462  463  459  448  431  410  388  367
  348  329  312  297  285  278  274  270  264  257  250  243  238  236  235  238
  243  246  245  241  232  223  214  207  202
    27.5-180.0 180.0   5.0 450.0                            LAT/LON1/LON2/DLON/H
  218  216  212  205  196  190  190  196  204  211  214  216  216  213  207  200
  198  202  211  219  222  218  214  212  217  225  234  241  245  250  262  286
  319  355  390  418  440  455  466  473  476  478  476  468  453  434  414  395
  380  364  349  336  325  317  310  302  293  282  270  258  247  239  232  230
  231  233  234  232  229  226  223  220  218
    25.0-180.0 180.0   5.0 450.0                            LAT/LON1/LON2/DLON/H
  228  228  226  222  216  210  209  212  216  219  220  222  224  223  217  209
  206  212  224  237  244  242  236  231  232  238  244  249  252  259  272  298
  332  369  403  429  450  464  476  483  488  491  491  485  474  457  439  424
  413  402  392  382  373  364  355  343  328  312  294  277  259  243  230  221
  218  219  219  219  220  223  226  228  228
    22.5-180.0 180.0   5.0 450.0                            LAT/LON1/LON2/DLON/H
  233  236  239  239  236  232  229  229  228  227  224  224  227  228  222  214
  212  219  236  252  262  262  255  249  247  248  252  256  261  270  286  313
  348  384  417  444  463  477  488  495  499  503  504  502  493  479  464  452
  446  441  436  431  424  415  403  387  367  345  321  297  273  251  232  218
  211  208  207  206  210  216  223  229  233
    20.0-180.0 180.0   5.0 450.0                            LAT/LON1/LON2/DLON/H
  233  240  248  254  254  252  249  245  241  234  228  226  228  229  224  215
  214  224  242  262  274  276  271  264  260  259  260  265  273  286  305  333
  367  403  435  461  480  494  503  509  512  515  518  517  511  500  487  478
  476  478  478  476  472  464  450  431  406  379  349  320  290  262  240  223
  212  205  200  198  201  209  219  227  233
    17.5-180.0 180.0   5.0 450.0                            LAT/LON1/LON2/DLON/H
  231  241  253  263  267  266  264  259  251  241  232  228  228  228  222  214
  215  227  246  267  280  284  282  277  272  268  269  275  287  304  326  355
  389  424  456  482  502  515  522  524  524  527  531  531  527  518  508  503
  504  509  513  514  512  505  491  468  440  409  375  341  308  278  255  236
  222  211  203  198  200  207  216  224  231
    15.0-180.0 180.0   5.0 450.0                            LAT/LON1/LON2/DLON/H
  229  240  254  267  273  274  270  265  258  248  237  229  226  224  218  211
  213  226  245  265  279  285  287  287  284  280  280  289  306  328  353  381
  414  446  478  505  524  536  540  538  536  537  540  542  540  533  525  523
  526  533  537  539  539  532  517  494  465  431  396  360  325  296  273  255
  240  226  215  208  206  212  219  224  229
    12.5-180.0 180.0   5.0 450.0                            LAT/LON1/LON2/DLON/H
  231  238  252  265  272  271  268  264  258  250  239  229  224  219  212  205
  208  221  241  259  272  281  289  293  294  293  295  306  327  353  381  410
  440  469  498  524  542  552  552  548  543  543  545  546  545  541  537  536
  541  546  548  550  548  542  528  505  476  442  408  372  340  313  293  276
  261  246  233  224  221  224  229  230  231
    10.0-180.0 180.0   5.0 450.0                            LAT/LON1/LON2/DLON/H
  235  238  247  257  262  260  256  252  250  245  236  226  218  212  204  198
  201  214  232  248  260  273  287  300  306  308  311  326  351  380  410  437
  462  487  513  536  551  557  554  548  542  541  542  542  542  541  540  542
  544  546  545  543  539  532  519  497  470  439  407  376  349  326  309  293
  279  265  254  246  242  244  244  240  235
     7.5-180.0 180.0   5.0 450.0                            LAT/LON1/LON2/DLON/H
  242  238  242  247  248  244  238  234  234  232  226  216  208  202  194  188
  192  205  221  235  247  263  284  305  318  324  330  346  373  404  433  458
  478  498  518  536  547  548  542  536  532  530  530  529  529  531  533  536
  537  534  528  521  514  505  492  474  450  423  394  370  350  333  317  303
  290  280  272  267  266  266  263  253  242
     5.0-180.0 180.0   5.0 450.0                            LAT/LON1/LON2/DLON/H
  249  239  236  237  234  227  218  212  212  212  208  201  195  188  182  177
  181  193  209  220  232  251  281  310  330  340  349  365  391  422  450  471
  486  498  511  522  526  523  516  510  510  510  508  506  507  511  516  519
  517  509  497  485  475  466  453  438  418  396  373  354  342  331  316  302
  291  285  283  285  287  286  280  266  249
     2.5-180.0 180.0   5.0 450.0                            LAT/LON1/LON2/DLON/H
  255  240  231  229  224  216  203  193  189  189  186  180  176  172  167  164
  168  180  194  205  217  241  277  313  339  353  363  378  402  431  456  473
  482  487  492  495  493  486  479  476  479  480  478  476  477  483  488  491
  487  474  459  443  430  419  409  397  381  363  344  332  327  319  305  290
  281  280  286  294  300  301  293  275  255
