data/corinthe/IONEX/igsg1660.15i
     1.0            IONOSPHERE MAPS     MIX                 IONEX VERSION / TYPE
cmpcmb v1.2          GRL/UWM             7-jul-15 17:09     PGM / RUN BY / DATE 
ionex file containing IGS COMBINED Ionosphere maps          COMMENT             
global ionosphere maps for day 166, 2015                    DESCRIPTION         
IONEX file containing the COMBINED IGS TEC MAPS and DCBs    DESCRIPTION         
      IONEX files of the following IAACs were combined: cod DESCRIPTION         
                                                        jpl DESCRIPTION         
Contact address: Andrzej Krankowski                         DESCRIPTION
                 Geodynamics Research Laboratory            DESCRIPTION
                 University of Warmia and Mazury (GRL/UWM)  DESCRIPTION
                 Oczapowski St. 1                           DESCRIPTION
                 10-957-Olsztyn, POLAND                     DESCRIPTION
                 e-mail:  kand@uwm.edu.pl                   DESCRIPTION
                                                            DESCRIPTION         
  2015     6    15     0     0     0                        EPOCH OF FIRST MAP  
  2015     6    16     0     0     0                        EPOCH OF LAST MAP   
  7200                                                      INTERVAL            
    13                                                      # OF MAPS IN FILE   
  COSZ                                                      MAPPING FUNCTION    
     0.0                                                    ELEVATION CUTOFF    
combined TEC calculated as weighted mean of input TEC valuesOBSERVABLES USED    
   316                                                      # OF STATIONS       
    32                                                      # OF SATELLITES     
  6371.0                                                    BASE RADIUS         
     2                                                      MAP DIMENSION       
   450.0 450.0   0.0                                        HGT1 / HGT2 / DHGT  
    87.5 -87.5  -2.5                                        LAT1 / LAT2 / DLAT  
  -180.0 180.0   5.0                                        LON1 / LON2 / DLON  
    -1                                                      EXPONENT            
TEC values in 0.1 tec units;  9999, if no value available   COMMENT             
DCB values in nanoseconds, reference is Sum_of_SatDCBs = 0  COMMENT             
                                                            END OF HEADER       
[from data line 3432]
     9                                                      START OF TEC MAP    
  2015     6    15    16     0     0                        EPOCH OF CURRENT MAP
    87.5-180.0 180.0   5.0 450.0                            LAT/LON1/LON2/DLON/H
  204  205  205  205  205  205  205  206  206  207  207  207  207  207  208  208
  208  208  208  208  208  208  208  208  207  207  207  206  206  205  205  204
  204  203  203  202  202  202  202  202  202  202  202  202  202  203  203  203
  204  204  204  204  205  205  205  205  205  205  205  205  205  205  205  205
  205  205  205  205  205  205  204  204  204
    85.0-180.0 180.0   5.0 450.0                            LAT/LON1/LON2/DLON/H
  196  197  196  197  197  197  198  199  200  200  201  202  203  204  205  206
  207  207  208  208  208  208  208  207  206  205  204  202  201  199  198  196
  195  194  193  192  192  191  192  192  192  193  193  194  195  195  196  198
  198  199  200  201  201  202  202  202  202  202  202  202  201  201  201  200
  199  199  198  198  197  197  197  196  196
    82.5-180.0 180.0   5.0 450.0                            LAT/LON1/LON2/DLON/H
  185  184  184  184  185  186  186  187  188  190  191  192  194  196  198  199
  201  203  205  206  206  206  206  205  204  202  200  197  194  192  189  185
  183  181  179  178  177  177  178  179  179  181  183  184  186  188  190  191
  193  194  195  196  197  198  198  199  199  199  198  197  197  196  195  194
  192  191  190  188  187  186  186  185  185
    80.0-180.0 180.0   5.0 450.0                            LAT/LON1/LON2/DLON/H
  172  171  171  171  171  171  172  173  174  175  177  179  181  183  186  189
  192  195  198  201  203  204  204  203  202  199  196  192  188  183  179  174
  170  168  165  163  163  163  164  165  168  170  173  175  178  181  183  186
  188  189  190  191  192  193  194  194  193  193  193  192  191  190  188  186
  184  182  180  178  177  175  174  173  172
    77.5-180.0 180.0   5.0 450.0                            LAT/LON1/LON2/DLON/H
  161  160  159  159  158  158  159  159  160  161  162  164  166  169  172  176
  180  185  190  194  198  201  203  203  202  199  194  189  184  177  171  165
  160  156  153  151  151  151  153  155  158  162  165  168  172  175  178  180
  182  183  184  185  185  186  186  186  186  186  186  185  184  183  181  179
  177  174  172  170  167  166  164  162  161
    75.0-180.0 180.0   5.0 450.0                            LAT/LON1/LON2/DLON/H
  154  153  152  151  150  150  150  150  150  150  151  151  152  155  158  162
  168  174  181  187  193  198  202  203  203  200  196  190  183  176  168  161
  155  150  147  145  144  144  147  149  152  157  160  164  167  170  172  174
  175  176  177  177  177  177  177  177  178  178  177  178  177  176  175  173
  171  168  166  163  162  159  157  156  154
    72.5-180.0 180.0   5.0 450.0                            LAT/LON1/LON2/DLON/H
  153  152  150  149  148  147  147  146  145  145  144  144  144  145  148  152
  158  165  173  182  190  198  203  206  206  204  200  194  187  179  172  164
  157  152  147  145  144  144  146  149  152  155  159  162  165  166  168  169
  169  170  169  169  169  168  168  168  169  169  170  171  171  170  169  168
  166  164  162  161  159  158  156  155  153
    70.0-180.0 180.0   5.0 450.0                            LAT/LON1/LON2/DLON/H
  158  156  155  153  152  151  150  149  147  146  144  143  142  142  144  147
  153  161  170  180  190  198  205  209  211  210  207  202  196  189  181  174
  167  161  156  153  151  151  152  154  156  158  161  162  163  164  164  164
  165  165  164  164  163  162  162  162  162  163  164  165  165  165  164  163
  162  161  160  160  159  159  159  159  158
    67.5-180.0 180.0   5.0 450.0                            LAT/LON1/LON2/DLON/H
  165  165  164  162  161  160  159  157  155  153  151  148  146  146  147  149
  154  162  171  181  192  201  208  214  216  217  216  212  208  203  197  191
  184  178  172  168  165  164  163  164  165  165  166  165  165  164  164  163
  163  163  163  163  163  162  162  161  161  161  161  162  162  161  161  160
  159  159  160  161  162  163  165  165  165
    65.0-180.0 180.0   5.0 450.0                            LAT/LON1/LON2/DLON/H
  174  174  174  173  172  171  170  168  166  163  161  158  155  154  154  157
  161  168  177  186  196  205  212  218  221  223  224  223  221  218  215  210
  205  199  193  189  184  182  179  178  177  175  173  171  169  167  166  166
  166  168  169  170  171  170  169  168  166  165  163  161  160  159  158  157
  157  157  159  161  164  167  170  172  174
    62.5-180.0 180.0   5.0 450.0                            LAT/LON1/LON2/DLON/H
  180  182  183  184  183  183  181  180  178  175  173  170  167  166  165  167
  171  177  184  193  201  209  216  221  225  228  230  231  232  233  232  230
  227  223  218  212  207  202  198  195  192  188  184  180  176  173  172  173
  175  178  181  184  185  185  184  180  177  173  169  166  162  159  156  154
  154  155  157  160  164  169  174  177  180
    60.0-180.0 180.0   5.0 450.0                            LAT/LON1/LON2/DLON/H
  183  186  189  191  192  192  192  190  188  186  184  181  179  178  178  180
  182  187  193  199  206  212  217  222  226  230  233  237  240  244  247  248
  248  245  241  236  230  224  218  213  208  202  197  192  187  184  182  184
  188  193  198  203  205  205  203  198  192  186  179  173  167  162  157  154
  152  153  155  158  163  168  173  179  183
    57.5-180.0 180.0   5.0 450.0                            LAT/LON1/LON2/DLON/H
  181  186  190  194  197  199  199  198  196  194  192  190  189  189  189  191
  194  197  201  204  208  213  217  221  226  230  234  239  245  251  258  262
  265  265  262  257  251  244  237  230  223  217  211  205  200  197  197  199
  205  211  218  224  227  227  223  217  209  201  192  184  175  168  161  156
  153  152  153  155  159  164  170  176  181
    55.0-180.0 180.0   5.0 450.0                            LAT/LON1/LON2/DLON/H
  175  182  188  193  198  201  202  202  200  198  196  195  196  197  199  201
  204  206  207  208  210  211  215  219  224  228  233  238  246  255  264  272
  278  281  279  275  268  260  252  244  238  231  226  220  215  213  212  215
  221  229  237  242  246  245  241  234  226  217  207  198  187  177  168  161
  156  153  152  153  155  159  164  170  175
    52.5-180.0 180.0   5.0 450.0                            LAT/LON1/LON2/DLON/H
  168  175  182  190  196  201  203  203  201  200  198  199  200  203  207  210
  213  214  213  211  210  211  213  218  222  227  231  237  245  256  269  280
  288  293  293  289  282  273  264  257  250  244  240  235  231  228  228  231
  236  243  251  256  259  258  255  248  240  232  223  213  202  190  178  169
  163  157  154  152  152  154  158  162  168
    50.0-180.0 180.0   5.0 450.0                            LAT/LON1/LON2/DLON/H
  160  167  174  184  193  199  203  203  202  200  199  201  204  209  215  219
  223  223  221  216  212  211  214  219  224  228  232  237  246  259  273  287
  298  303  304  300  293  284  274  267  261  256  253  250  246  243  243  245
  248  253  259  264  266  266  263  258  252  246  238  229  217  204  191  180
  171  164  158  153  151  150  152  155  160
    47.5-180.0 180.0   5.0 450.0                            LAT/LON1/LON2/DLON/H
  153  158  166  176  187  196  202  204  203  201  201  204  209  216  224  230
  234  235  231  225  218  216  219  224  230  234  237  242  251  264  280  296
  308  315  317  313  305  295  285  277  271  268  266  263  260  258  256  255
  256  258  262  265  268  269  268  265  262  257  253  244  233  219  205  193
  182  173  164  157  152  149  148  149  153
    45.0-180.0 180.0   5.0 450.0                            LAT/LON1/LON2/DLON/H
  147  150  158  168  181  192  200  204  205  205  206  210  218  227  236  244
  249  251  247  239  231  227  229  236  242  246  249  253  261  274  291  308
  322  330  333  330  322  311  299  290  284  281  278  277  273  270  267  264
  262  261  261  264  267  269  270  270  270  268  265  259  247  233  219  205
  194  183  173  164  156  151  148  146  147
    42.5-180.0 180.0   5.0 450.0                            LAT/LON1/LON2/DLON/H
  143  144  150  160  173  187  199  207  210  212  215  221  230  241  251  260
  267  271  268  260  250  245  246  253  260  264  266  270  277  290  307  326
  341  352  357  356  348  336  321  309  301  296  293  291  287  283  279  274
  269  264  262  262  265  269  274  276  278  277  275  269  259  245  231  217
  206  194  184  173  163  156  150  145  143
    40.0-180.0 180.0   5.0 450.0                            LAT/LON1/LON2/DLON/H
  143  141  144  152  166  183  199  211  218  223  228  237  247  258  268  278
  287  294  293  286  275  268  269  276  283  287  289  292  299  311  329  349
  367  380  389  391  385  371  352  335  323  316  312  308  304  298  292  286
  278  270  265  264  267  273  280  284  285  284  282  277  268  255  241  227
  216  206  195  183  172  163  155  148  143
    37.5-180.0 180.0   5.0 450.0                            LAT/LON1/LON2/DLON/H
  147  142  141  148  162  180  199  215  227  236  245  255  266  277  287  297
  308  317  319  314  303  295  295  301  308  312  314  318  325  337  356  377
  398  416  430  437  433  415  392  369  352  341  334  328  322  316  310  302
  292  282  274  271  273  280  289  293  293  290  286  281  273  261  247  236
  225  216  206  194  183  173  164  155  147
    35.0-180.0 180.0   5.0 450.0                            LAT/LON1/LON2/DLON/H
  155  147  145  149  161  179  200  219  236  249  261  275  287  298  306  316
  327  338  344  340  330  323  322  327  333  338  341  346  354  368  387  410
  433  456  476  488  485  466  437  410  388  373  362  353  346  338  331  322
  310  298  288  283  285  292  300  303  300  294  288  282  275  264  252  241
  232  224  215  204  193  183  174  164  155
    32.5-180.0 180.0   5.0 450.0                            LAT/LON1/LON2/DLON/H
  166  158  153  155  165  182  203  224  242  259  276  292  306  316  324  333
  344  356  364  364  356  348  347  351  357  362  367  375  386  401  419  442
  469  497  523  539  538  517  485  453  428  409  394  382  372  362  354  344
  332  318  305  299  299  306  312  312  306  296  287  280  273  264  252  243
  235  229  221  212  202  193  185  176  166
    30.0-180.0 180.0   5.0 450.0                            LAT/LON1/LON2/DLON/H
  179  172  166  167  174  189  207  227  246  265  285  304  320  332  339  347
  357  370  380  381  377  371  370  373  379  385  392  402  416  432  451  472
  500  532  564  584  585  564  529  495  467  445  428  412  399  388  378  367
  353  338  324  316  315  319  322  319  308  295  284  276  269  260  250  241
  235  229  223  215  207  201  194  187  179
    27.5-180.0 180.0   5.0 450.0                            LAT/LON1/LON2/DLON/H
  191  185  181  181  186  197  212  229  247  266  288  309  330  343  352  359
  369  380  391  395  394  391  390  393  399  406  415  429  444  461  478  498
  526  559  594  618  620  599  565  531  503  480  459  441  424  411  399  387
  372  354  338  329  326  327  327  321  307  291  278  269  261  253  245  236
  231  226  220  213  207  204  200  197  191
    25.0-180.0 180.0   5.0 450.0                            LAT/LON1/LON2/DLON/H
  199  197  195  195  197  205  216  229  245  263  284  309  333  351  361  369
  378  389  399  406  408  408  408  412  417  425  437  452  469  485  500  517
  542  576  612  637  640  619  587  556  529  507  486  465  446  430  416  401
  383  364  345  334  329  329  326  318  302  284  270  260  252  244  236  228
  223  218  212  206  202  201  202  201  199
    22.5-180.0 180.0   5.0 450.0                            LAT/LON1/LON2/DLON/H
  202  204  204  205  206  211  218  228  241  257  278  305  332  354  368  378
  386  395  406  415  420  422  424  429  435  444  456  472  489  504  517  531
  552  582  617  642  643  622  594  567  545  525  505  483  462  443  425  407
  385  363  344  331  325  323  319  310  294  275  260  249  241  232  224  216
  211  206  201  196  194  195  198  200  202
    20.0-180.0 180.0   5.0 450.0                            LAT/LON1/LON2/DLON/H
  199  203  207  208  209  211  217  225  236  251  272  299  329  354  373  385
  393  402  413  424  430  435  439  445  452  462  474  489  505  518  529  539
  556  581  612  632  631  611  585  563  547  533  516  494  471  449  426  402
  377  353  333  320  313  309  306  298  283  265  249  237  229  220  210  202
  196  192  188  184  182  184  189  194  199
    17.5-180.0 180.0   5.0 450.0                            LAT/LON1/LON2/DLON/H
  189  196  202  204  205  206  211  219  231  246  266  292  323  352  374  389
  399  410  421  432  440  446  453  460  469  478  490  504  518  530  537  544
  556  575  598  613  608  587  565  551  542  534  521  500  475  449  421  391
  362  336  318  306  297  293  291  286  274  256  240  228  218  207  195  186
  180  177  174  171  169  171  176  182  189
    15.0-180.0 180.0   5.0 450.0                            LAT/LON1/LON2/DLON/H
  174  182  189  193  194  195  201  211  226  243  262  286  317  347  372  390
  404  416  428  440  450  457  465  474  484  493  504  517  529  538  544  548
  556  568  583  590  580  561  544  536  536  534  523  502  475  444  411  376
  343  319  304  293  285  279  279  278  268  251  234  221  210  196  181  170
  165  163  162  159  157  158  162  168  174
    12.5-180.0 180.0   5.0 450.0                            LAT/LON1/LON2/DLON/H
  157  164  171  175  177  179  187  201  221  241  260  282  310  340  365  387
  405  420  435  448  458  466  475  486  497  506  517  529  539  545  549  552
  556  563  569  568  556  539  528  527  533  535  525  503  473  438  401  362
  329  308  298  290  280  272  272  273  267  250  231  218  205  189  171  159
  153  152  151  149  147  145  148  152  157
    10.0-180.0 180.0   5.0 450.0                            LAT/LON1/LON2/DLON/H
  141  145  150  154  157  162  173  192  216  240  261  281  305  331  357  382
  403  422  439  454  465  474  484  495  507  518  529  538  547  551  553  555
  558  560  561  554  542  530  526  531  539  541  529  504  471  433  393  355
  324  308  303  297  285  272  270  275  270  253  234  219  205  187  166  152
  145  144  145  143  139  136  136  138  141
     7.5-180.0 180.0   5.0 450.0                            LAT/LON1/LON2/DLON/H
  128  127  130  134  138  145  159  182  212  240  262  282  301  324  349  375
  400  423  442  458  470  479  490  503  515  527  538  546  552  554  554  557
  560  561  558  551  542  536  539  547  553  550  532  503  468  430  390  355
  330  321  321  315  297  279  274  279  274  257  236  222  209  189  167  151
  143  142  143  141  136  131  129  128  128
     5.0-180.0 180.0   5.0 450.0                            LAT/LON1/LON2/DLON/H
  120  116  116  118  122  131  148  175  209  242  266  285  302  321  345  370
  398  422  443  459  472  483  494  507  520  533  544  551  553  552  552  556
  561  564  561  556  553  555  562  569  569  556  530  498  464  428  392  362
  345  341  344  335  310  285  276  279  275  256  236  223  212  193  171  154
  145  143  144  142  136  130  127  124  120
     2.5-180.0 180.0   5.0 450.0                            LAT/LON1/LON2/DLON/H
  118  111  107  108  113  123  142  171  208  244  272  292  308  325  346  371
  398  423  443  458  471  483  495  508  522  535  546  551  549  546  546  551
  560  566  567  567  569  577  584  586  576  552  519  485  456  425  393  369
  358  359  359  346  314  282  269  271  266  248  229  219  211  195  175  158
  149  146  146  145  139  132  129  125  118
