data/corinthe/IONEX/igsg1650.15i
     1.0            IONOSPHERE MAPS     MIX                 IONEX VERSION / TYPE
cmpcmb v1.2          GRL/UWM             7-jul-15 17:05     PGM / RUN BY / DATE 
ionex file containing IGS COMBINED Ionosphere maps          COMMENT             
global ionosphere maps for day 165, 2015                    DESCRIPTION         
IONEX file containing the COMBINED IGS TEC MAPS and DCBs    DESCRIPTION         
      IONEX files of the following IAACs were combined: cod DESCRIPTION         
                                                        jpl DESCRIPTION         
Contact address: Andrzej Krankowski                         DESCRIPTION
                 Geodynamics Research Laboratory            DESCRIPTION
                 University of Warmia and Mazury (GRL/UWM)  DESCRIPTION
                 Oczapowski St. 1                           DESCRIPTION
                 10-957-Olsztyn, POLAND                     DESCRIPTION
                 e-mail:  kand@uwm.edu.pl                   DESCRIPTION
                                                            DESCRIPTION         
  2015     6    14     0     0     0                        EPOCH OF FIRST MAP  
  2015     6    15     0     0     0                        EPOCH OF LAST MAP   
  7200                                                      INTERVAL            
    13                                                      # OF MAPS IN FILE   
  COSZ                                                      MAPPING FUNCTION    
     0.0                                                    ELEVATION CUTOFF    
combined TEC calculated as weighted mean of input TEC valuesOBSERVABLES USED    
   319                                                      # OF STATIONS       
    32                                                      # OF SATELLITES     
  6371.0                                                    BASE RADIUS         
     2                                                      MAP DIMENSION       
   450.0 450.0   0.0                                        HGT1 / HGT2 / DHGT  
    87.5 -87.5  -2.5                                        LAT1 / LAT2 / DLAT  
  -180.0 180.0   5.0                                        LON1 / LON2 / DLON  
    -1                                                      EXPONENT            
TEC values in 0.1 tec units;  9999, if no value available   COMMENT             
DCB values in nanoseconds, reference is Sum_of_SatDCBs = 0  COMMENT             
                                                            END OF HEADER       
[from data line 3861]
    10                                                      START OF TEC MAP    
  2015     6    14    18     0     0                        EPOCH OF CURRENT MAP
    87.5-180.0 180.0   5.0 450.0                            LAT/LON1/LON2/DLON/H
  187  187  187  186  187  186  186  186  185  185  185  185  184  184  184  184
  183  183  183  183  183  183  182  182  182  181  181  181  181  181  180  180
  180  180  180  180  181  180  181  181  181  181  181  181  181  182  183  183
  183  183  183  184  184  184  185  185  185  185  186  186  186  187  187  187
  187  187  187  188  187  187  187  187  187
    85.0-180.0 180.0   5.0 450.0                            LAT/LON1/LON2/DLON/H
  186  186  185  185  185  185  185  184  184  184  184  184  183  183  183  183
  182  182  182  182  181  181  181  180  180  179  179  178  178  177  177  177
  176  177  176  176  176  176  176  176  177  177  177  177  178  178  178  178
  179  180  180  181  181  181  182  183  183  184  184  184  185  185  185  185
  186  186  186  186  186  186  186  186  186
    82.5-180.0 180.0   5.0 450.0                            LAT/LON1/LON2/DLON/H
  181  181  181  181  181  181  181  181  181  181  182  182  182  182  182  183
  183  183  183  183  183  183  182  182  181  180  180  179  178  177  176  176
  175  175  174  174  174  174  173  173  173  173  173  173  173  173  173  173
  173  173  174  174  175  175  176  176  177  177  178  179  179  180  180  180
  181  181  182  182  181  182  182  182  181
    80.0-180.0 180.0   5.0 450.0                            LAT/LON1/LON2/DLON/H
  175  175  175  175  175  176  176  177  178  178  179  180  181  181  183  183
  184  186  186  187  187  188  187  187  186  186  184  183  182  181  180  178
  178  177  176  176  175  175  174  173  172  172  171  170  169  168  168  167
  167  166  166  166  166  167  167  167  168  168  168  169  170  171  171  172
  172  173  174  174  174  174  174  174  175
    77.5-180.0 180.0   5.0 450.0                            LAT/LON1/LON2/DLON/H
  168  168  169  170  170  171  172  173  175  176  177  179  180  182  184  185
  188  189  192  193  194  196  196  197  195  195  193  192  190  188  186  184
  183  182  181  180  179  178  177  176  174  172  171  168  166  164  162  161
  159  159  159  158  158  158  158  158  158  158  158  159  159  160  160  162
  163  164  165  165  166  167  167  167  168
    75.0-180.0 180.0   5.0 450.0                            LAT/LON1/LON2/DLON/H
  163  164  164  166  167  168  170  171  173  175  177  179  181  183  186  188
  191  194  197  199  202  205  206  207  207  206  204  201  199  196  194  191
  190  188  187  186  185  184  183  181  178  175  171  168  164  160  157  155
  154  153  153  153  152  152  151  150  149  149  148  148  149  150  151  153
  154  156  158  159  160  161  162  163  163
    72.5-180.0 180.0   5.0 450.0                            LAT/LON1/LON2/DLON/H
  162  162  164  165  167  168  170  173  175  177  178  181  183  185  187  189
  193  196  200  205  209  213  215  216  216  215  213  210  207  204  201  198
  196  195  193  193  192  191  190  188  184  180  175  169  164  159  156  153
  151  151  151  151  151  150  148  147  145  143  142  141  142  143  145  146
  149  151  154  156  158  159  160  161  162
    70.0-180.0 180.0   5.0 450.0                            LAT/LON1/LON2/DLON/H
  166  167  168  169  171  173  175  177  179  180  182  184  185  186  187  189
  192  195  200  206  211  217  220  222  222  221  218  215  212  209  206  204
  201  200  200  199  199  198  197  194  191  186  180  173  166  161  156  154
  153  153  153  154  154  153  151  149  145  142  140  139  139  140  142  145
  149  152  156  159  161  162  163  164  166
    67.5-180.0 180.0   5.0 450.0                            LAT/LON1/LON2/DLON/H
  173  173  175  176  178  179  182  183  184  186  187  186  187  187  186  187
  188  192  197  203  210  216  220  222  221  220  217  214  211  209  207  206
  205  205  205  205  205  205  204  203  199  194  187  180  172  166  162  159
  159  160  161  163  163  162  159  155  150  146  142  140  140  141  145  149
  153  157  162  166  168  170  171  172  173
    65.0-180.0 180.0   5.0 450.0                            LAT/LON1/LON2/DLON/H
  183  183  184  185  186  188  190  191  191  191  191  190  189  187  185  184
  184  187  192  198  204  210  215  216  215  213  210  208  206  206  207  207
  208  209  210  210  211  212  213  211  208  204  198  190  183  176  171  169
  169  172  174  175  176  173  168  163  157  151  147  144  145  147  150  155
  160  166  171  176  179  181  183  183  183
    62.5-180.0 180.0   5.0 450.0                            LAT/LON1/LON2/DLON/H
  194  194  194  195  196  197  198  198  198  197  195  194  191  189  185  183
  182  183  187  191  197  202  206  207  206  203  201  199  200  202  207  210
  213  214  216  217  218  220  222  222  220  217  211  204  197  191  186  184
  185  187  189  190  189  185  179  171  163  157  152  149  150  152  157  163
  168  175  182  187  191  194  195  195  194
    60.0-180.0 180.0   5.0 450.0                            LAT/LON1/LON2/DLON/H
  206  204  204  204  204  205  205  205  204  202  200  198  196  192  188  184
  182  182  183  186  190  194  197  198  196  193  191  191  195  201  209  215
  220  223  225  226  228  230  233  234  234  231  226  221  214  208  204  202
  201  202  203  202  200  194  186  177  168  160  155  153  154  157  161  168
  174  182  189  196  202  206  208  208  206
    57.5-180.0 180.0   5.0 450.0                            LAT/LON1/LON2/DLON/H
  218  215  213  212  212  213  213  211  210  207  206  204  202  198  195  190
  186  184  182  183  185  187  189  189  188  185  184  187  194  204  215  225
  231  235  236  237  239  242  246  248  249  247  244  239  233  228  223  219
  217  215  214  211  207  199  190  179  169  161  156  154  155  159  163  169
  176  184  193  202  210  216  219  219  218
    55.0-180.0 180.0   5.0 450.0                            LAT/LON1/LON2/DLON/H
  228  225  223  222  221  221  221  219  217  215  213  212  210  207  203  199
  194  190  186  183  183  184  185  184  183  182  183  189  199  212  226  238
  245  248  249  250  252  255  260  263  265  264  261  257  251  245  239  233
  228  224  220  215  208  199  189  178  167  158  153  152  154  158  162  167
  173  181  190  201  213  222  227  229  228
    52.5-180.0 180.0   5.0 450.0                            LAT/LON1/LON2/DLON/H
  236  234  233  231  231  230  230  229  227  225  224  222  220  217  214  209
  204  198  191  186  184  183  184  184  184  184  188  196  208  223  239  251
  258  261  262  263  266  270  275  279  281  280  277  272  267  259  251  242
  235  227  219  213  205  196  186  175  164  156  152  150  152  155  158  161
  166  173  184  197  211  223  232  235  236
    50.0-180.0 180.0   5.0 450.0                            LAT/LON1/LON2/DLON/H
  242  242  242  241  241  241  241  241  240  239  237  235  231  227  223  219
  213  205  197  190  187  186  186  188  189  191  196  206  220  236  251  262
  269  272  273  274  279  285  291  295  297  295  290  284  277  268  257  246
  234  224  215  208  201  193  183  173  163  156  151  150  152  154  156  157
  159  164  174  188  205  221  232  240  242
    47.5-180.0 180.0   5.0 450.0                            LAT/LON1/LON2/DLON/H
  246  248  250  251  252  253  254  254  255  255  254  250  244  237  231  225
  219  211  202  194  191  190  192  194  197  201  208  219  232  247  260  270
  276  279  281  285  292  300  307  312  312  308  301  293  283  272  259  245
  231  219  210  204  198  193  185  176  167  159  155  154  156  157  158  156
  155  157  165  180  197  215  230  240  246
    45.0-180.0 180.0   5.0 450.0                            LAT/LON1/LON2/DLON/H
  247  252  256  260  262  264  266  269  272  273  272  266  256  245  237  230
  222  213  204  197  195  197  200  204  209  214  222  231  243  255  266  274
  280  284  289  296  306  317  326  329  326  319  309  298  286  272  258  243
  229  217  208  203  201  198  193  185  177  169  165  165  166  167  166  161
  157  156  161  172  190  209  225  239  247
    42.5-180.0 180.0   5.0 450.0                            LAT/LON1/LON2/DLON/H
  246  254  261  266  270  273  276  281  287  290  290  283  270  256  244  235
  225  216  207  201  201  205  212  217  223  229  236  244  254  263  272  278
  285  291  300  311  325  338  346  348  342  331  318  303  289  273  258  242
  228  218  212  210  210  209  206  200  192  185  181  180  182  183  181  175
  167  161  161  170  184  202  220  235  246
    40.0-180.0 180.0   5.0 450.0                            LAT/LON1/LON2/DLON/H
  241  252  261  268  274  278  282  289  298  305  306  299  286  270  256  244
  234  223  213  209  211  218  227  234  240  246  252  258  266  273  281  288
  296  305  318  333  350  363  371  369  360  344  327  310  293  276  260  245
  233  224  221  221  223  224  222  217  210  202  198  198  200  201  199  192
  182  172  167  170  181  196  213  229  241
    37.5-180.0 180.0   5.0 450.0                            LAT/LON1/LON2/DLON/H
  234  246  257  267  273  278  284  293  304  315  320  316  305  290  276  263
  250  237  227  222  226  236  246  255  261  265  269  275  282  291  298  308
  320  333  348  366  382  394  399  393  379  360  339  318  299  281  265  251
  241  235  233  235  236  237  235  230  224  218  213  213  215  218  216  209
  197  184  175  173  179  191  206  221  234
    35.0-180.0 180.0   5.0 450.0                            LAT/LON1/LON2/DLON/H
  226  239  250  261  268  274  282  292  307  321  332  334  328  319  307  293
  279  262  249  244  249  259  271  280  284  286  289  295  304  316  328  342
  357  374  390  406  420  429  429  418  398  375  352  330  309  289  272  259
  250  245  243  244  244  243  240  236  230  225  221  221  224  227  226  220
  209  195  182  175  176  185  198  212  226
    32.5-180.0 180.0   5.0 450.0                            LAT/LON1/LON2/DLON/H
  217  230  242  253  261  269  278  291  308  327  343  352  355  354  348  337
  320  300  283  275  278  289  301  308  310  310  312  320  334  350  370  389
  408  426  441  453  461  464  458  441  416  389  363  340  317  296  277  264
  255  250  247  245  242  239  235  230  225  221  219  219  221  225  225  222
  213  200  185  175  174  179  190  203  217
    30.0-180.0 180.0   5.0 450.0                            LAT/LON1/LON2/DLON/H
  208  221  234  244  254  263  274  290  310  333  354  371  385  394  397  389
  372  348  326  315  316  325  335  340  338  335  338  350  368  392  418  443
  465  482  494  500  501  496  481  457  427  396  370  345  322  299  278  264
  254  248  242  236  228  223  217  212  210  208  207  207  209  211  213  213
  207  196  183  172  169  173  183  195  208
    27.5-180.0 180.0   5.0 450.0                            LAT/LON1/LON2/DLON/H
  201  214  227  239  249  261  274  293  315  341  367  392  415  435  447  445
  430  404  377  361  358  364  372  374  369  363  365  380  404  434  468  499
  523  538  542  540  532  518  496  465  429  395  367  342  319  294  272  256
  245  236  227  217  207  199  193  189  188  189  190  190  189  191  194  196
  194  185  175  166  163  167  176  188  201
    25.0-180.0 180.0   5.0 450.0                            LAT/LON1/LON2/DLON/H
  197  210  225  237  249  261  278  298  324  352  382  413  445  474  495  501
  489  462  433  412  405  406  409  408  399  392  395  412  440  476  514  549
  573  583  580  568  551  528  498  460  420  383  354  330  306  282  260  243
  230  219  208  196  183  175  168  166  166  168  170  170  169  169  173  176
  176  172  164  158  156  161  172  184  197
    22.5-180.0 180.0   5.0 450.0                            LAT/LON1/LON2/DLON/H
  196  211  227  240  253  267  285  307  334  364  397  432  470  507  537  551
  545  521  491  467  455  449  447  440  430  422  425  443  473  510  552  588
  609  612  600  579  554  524  488  445  400  361  332  310  288  266  245  228
  215  203  190  177  164  155  149  147  148  151  154  153  152  151  153  157
  159  157  153  150  151  157  168  181  196
    20.0-180.0 180.0   5.0 450.0                            LAT/LON1/LON2/DLON/H
  195  213  231  247  260  275  293  316  344  376  411  449  490  533  569  593
  595  577  549  525  507  495  484  473  460  452  456  473  502  537  577  611
  628  622  602  574  543  509  468  421  372  333  307  288  271  252  232  216
  202  190  179  165  154  145  140  138  139  142  144  143  141  139  140  143
  143  143  141  141  144  152  165  179  195
    17.5-180.0 180.0   5.0 450.0                            LAT/LON1/LON2/DLON/H
  194  215  237  256  270  284  301  324  353  386  422  460  503  549  592  624
  636  627  605  582  560  540  521  504  491  484  487  502  526  557  591  620
  629  615  586  554  522  486  444  395  347  310  287  273  260  245  227  211
  198  186  176  165  155  148  142  139  138  140  141  140  138  136  135  135
  133  132  132  134  138  147  160  175  194
    15.0-180.0 180.0   5.0 450.0                            LAT/LON1/LON2/DLON/H
  189  215  242  263  279  292  308  329  357  391  427  465  508  555  604  643
  665  667  654  634  610  583  557  536  522  515  517  528  545  568  594  614
  615  593  560  527  496  464  424  377  331  298  280  272  263  250  233  215
  201  189  180  172  165  158  151  147  145  143  142  141  140  137  135  130
  126  123  123  126  132  139  152  168  189
    12.5-180.0 180.0   5.0 450.0                            LAT/LON1/LON2/DLON/H
  182  212  244  269  286  300  313  333  359  392  427  463  505  552  603  649
  681  695  692  677  653  623  591  567  552  545  545  550  559  573  589  599
  590  564  530  502  477  451  416  373  333  306  293  288  282  267  246  224
  207  194  186  181  176  170  163  158  153  148  145  144  143  141  136  128
  120  116  115  119  124  130  141  158  182
    10.0-180.0 180.0   5.0 450.0                            LAT/LON1/LON2/DLON/H
  172  206  242  271  292  307  319  335  360  391  424  458  497  542  593  642
  681  705  712  706  684  654  622  596  581  573  569  567  568  573  579  579
  565  536  508  486  470  452  424  389  356  335  325  319  310  290  262  233
  212  198  190  186  183  178  173  166  160  153  148  146  146  143  136  125
  115  109  107  110  114  118  128  146  172
     7.5-180.0 180.0   5.0 450.0                            LAT/LON1/LON2/DLON/H
  161  198  237  272  298  316  328  342  362  389  420  452  487  528  575  624
  666  698  715  716  701  675  645  621  606  596  586  578  572  569  568  563
  545  519  498  486  479  470  449  422  395  376  365  355  338  310  273  238
  212  194  186  183  182  179  174  168  161  153  147  145  144  140  132  121
  109  101   99  101  103  106  114  132  161
     5.0-180.0 180.0   5.0 450.0                            LAT/LON1/LON2/DLON/H
  151  190  232  272  305  328  342  353  368  391  419  448  477  512  553  598
  641  676  699  708  700  681  658  638  624  612  597  582  571  564  560  552
  535  516  504  503  504  499  483  459  436  417  402  383  356  318  273  231
  201  182  172  170  170  168  166  162  156  149  143  140  139  135  126  113
  102   95   92   92   93   95  102  121  151
     2.5-180.0 180.0   5.0 450.0                            LAT/LON1/LON2/DLON/H
  144  183  228  274  314  343  360  369  379  396  423  448  472  498  530  568
  606  641  668  682  683  673  659  645  633  618  599  579  564  557  553  548
  537  527  524  530  534  529  512  489  466  444  422  392  355  307  257  213
  182  161  150  148  149  149  149  148  145  140  135  132  130  126  117  106
   96   89   87   86   86   87   94  113  144
