data/corinthe/IONEX/igsg1620.15i
     1.0            IONOSPHERE MAPS     MIX                 IONEX VERSION / TYPE
cmpcmb v1.2          GRL/UWM            29-jun-15 23:00     PGM / RUN BY / DATE 
ionex file containing IGS COMBINED Ionosphere maps          COMMENT             
global ionosphere maps for day 162, 2015                    DESCRIPTION         
IONEX file containing the COMBINED IGS TEC MAPS and DCBs    DESCRIPTION         
      IONEX files of the following IAACs were combined: cod DESCRIPTION         
                                                        jpl DESCRIPTION         
Contact address: Andrzej Krankowski                         DESCRIPTION
                 Geodynamics Research Laboratory            DESCRIPTION
                 University of Warmia and Mazury (GRL/UWM)  DESCRIPTION
                 Oczapowski St. 1                           DESCRIPTION
                 10-957-Olsztyn, POLAND                     DESCRIPTION
                 e-mail:  kand@uwm.edu.pl                   DESCRIPTION
                                                            DESCRIPTION         
  2015     6    11     0     0     0                        EPOCH OF FIRST MAP  
  2015     6    12     0     0     0                        EPOCH OF LAST MAP   
  7200                                                      INTERVAL            
    13                                                      # OF MAPS IN FILE   
  COSZ                                                      MAPPING FUNCTION    
     0.0                                                    ELEVATION CUTOFF    
combined TEC calculated as weighted mean of input TEC valuesOBSERVABLES USED    
   316                                                      # OF STATIONS       
    32                                                      # OF SATELLITES     
  6371.0                                                    BASE RADIUS         
     2                                                      MAP DIMENSION       
   450.0 450.0   0.0                                        HGT1 / HGT2 / DHGT  
    87.5 -87.5  -2.5                                        LAT1 / LAT2 / DLAT  
  -180.0 180.0   5.0                                        LON1 / LON2 / DLON  
    -1                                                      EXPONENT            
TEC values in 0.1 tec units;  9999, if no value available   COMMENT             
DCB values in nanoseconds, reference is Sum_of_SatDCBs = 0  COMMENT             
                                                            END OF HEADER       
[from data line 5148]
    13                                                      START OF TEC MAP    
  2015     6    12     0     0     0                        EPOCH OF CURRENT MAP
    87.5-180.0 180.0   5.0 450.0                            LAT/LON1/LON2/DLON/H
  188  189  189  190  190  190  190  190  189  189  189  188  188  187  187  185
  185  184  183  181  180  179  178  176  175  173  172  170  169  168  167  166
  164  164  163  162  162  162  161  161  161  162  162  162  163  164  164  165
  166  167  168  170  170  171  173  174  175  176  177  179  179  180  181  183
  183  184  185  186  186  187  187  188  188
    85.0-180.0 180.0   5.0 450.0                            LAT/LON1/LON2/DLON/H
  201  202  203  204  204  204  205  205  205  205  204  204  203  202  201  200
  198  196  194  192  190  187  184  182  179  176  173  170  167  165  162  160
  158  156  155  153  152  151  151  151  152  153  154  155  156  158  159  162
  164  166  168  170  172  174  176  178  180  182  184  185  187  189  190  192
  193  194  195  196  197  198  199  200  201
    82.5-180.0 180.0   5.0 450.0                            LAT/LON1/LON2/DLON/H
  210  211  212  213  214  215  215  216  217  217  217  218  217  216  215  214
  212  210  207  204  201  197  194  190  185  181  177  173  169  165  162  158
  155  152  151  149  148  148  148  148  149  151  152  154  157  160  162  165
  168  171  173  177  179  182  184  186  189  191  192  194  196  197  199  200
  201  202  204  205  206  207  208  209  210
    80.0-180.0 180.0   5.0 450.0                            LAT/LON1/LON2/DLON/H
  215  216  217  218  220  221  223  224  226  227  228  228  228  227  227  225
  223  221  218  214  211  207  202  198  192  187  182  178  173  168  164  160
  157  155  152  150  150  150  150  152  153  155  158  161  164  167  171  174
  177  180  184  186  189  192  193  196  197  199  200  201  203  204  205  206
  207  208  209  210  211  212  212  213  215
    77.5-180.0 180.0   5.0 450.0                            LAT/LON1/LON2/DLON/H
  215  216  217  219  221  223  226  228  230  232  234  235  236  236  235  233
  231  229  226  222  217  213  208  202  197  192  186  181  176  172  168  164
  162  160  159  158  158  158  159  161  162  165  168  171  174  178  182  186
  189  192  195  197  199  200  201  202  203  204  205  206  207  207  208  209
  210  211  211  212  213  213  213  214  215
    75.0-180.0 180.0   5.0 450.0                            LAT/LON1/LON2/DLON/H
  212  213  214  216  219  222  225  228  231  234  237  239  240  240  240  239
  236  233  230  225  221  216  210  204  199  193  187  182  178  175  172  170
  168  168  168  168  169  170  171  172  174  177  180  182  186  190  194  197
  200  202  204  205  206  206  206  206  206  206  206  206  207  207  208  209
  210  210  211  211  211  211  211  211  212
    72.5-180.0 180.0   5.0 450.0                            LAT/LON1/LON2/DLON/H
  207  207  209  211  214  218  222  226  231  235  239  241  243  243  242  241
  239  236  232  227  222  217  211  204  197  191  186  181  178  176  175  175
  175  176  178  179  180  182  183  184  185  187  189  192  195  198  201  205
  208  209  210  210  210  209  208  207  205  204  204  204  204  205  206  207
  208  209  209  209  208  208  208  207  207
    70.0-180.0 180.0   5.0 450.0                            LAT/LON1/LON2/DLON/H
  202  202  203  205  208  213  218  224  229  235  239  243  245  246  246  244
  241  238  234  228  223  217  210  203  195  189  184  179  177  176  176  179
  181  183  186  188  189  190  190  191  191  192  194  196  199  201  205  208
  210  212  212  212  210  208  206  204  202  201  200  200  200  202  204  206
  207  208  208  209  208  206  205  204  202
    67.5-180.0 180.0   5.0 450.0                            LAT/LON1/LON2/DLON/H
  200  198  198  199  202  207  213  220  227  234  240  245  247  249  249  247
  245  241  237  232  226  219  211  203  195  188  182  177  175  176  178  181
  185  188  191  193  193  193  192  192  191  192  192  194  196  199  202  206
  208  210  210  210  208  206  203  201  199  197  197  197  198  200  203  206
  209  210  211  211  209  208  204  202  200
    65.0-180.0 180.0   5.0 450.0                            LAT/LON1/LON2/DLON/H
  201  198  195  195  197  201  208  216  224  233  240  246  250  252  253  252
  250  247  243  237  231  225  216  208  198  190  183  178  177  177  180  184
  187  190  191  192  191  190  188  187  186  185  186  187  190  193  196  199
  203  205  205  206  205  203  201  199  198  196  195  196  198  201  205  210
  214  216  217  217  215  212  209  205  201
    62.5-180.0 180.0   5.0 450.0                            LAT/LON1/LON2/DLON/H
  207  201  197  195  195  198  204  212  221  230  239  245  251  255  257  257
  257  254  250  245  240  233  225  215  205  197  189  184  182  182  184  187
  189  190  189  187  184  182  180  178  177  176  177  178  180  183  187  191
  194  198  199  200  201  200  200  199  198  198  197  198  201  205  211  217
  222  226  228  227  225  222  218  212  207
    60.0-180.0 180.0   5.0 450.0                            LAT/LON1/LON2/DLON/H
  218  210  204  199  197  198  202  209  218  227  236  244  250  256  259  262
  262  261  258  254  249  243  236  227  217  208  200  193  191  190  191  192
  191  189  185  180  176  172  170  168  167  167  167  168  170  173  177  181
  185  189  193  196  198  200  201  202  202  203  203  205  208  213  220  226
  233  237  240  240  239  235  230  224  218
    57.5-180.0 180.0   5.0 450.0                            LAT/LON1/LON2/DLON/H
  234  226  217  210  205  203  204  209  216  224  233  241  248  255  260  264
  266  266  265  262  258  255  249  242  233  224  215  209  204  202  201  198
  194  187  180  172  167  163  162  161  161  160  160  160  161  164  167  171
  176  182  187  192  198  201  204  208  210  211  213  215  218  224  230  239
  245  250  253  254  252  250  246  240  234
    55.0-180.0 180.0   5.0 450.0                            LAT/LON1/LON2/DLON/H
  252  245  236  227  219  214  213  214  219  225  232  239  246  252  259  264
  268  270  270  269  267  264  262  257  251  242  234  226  220  216  212  205
  196  186  175  166  160  158  158  158  158  157  156  155  155  156  159  163
  168  176  183  191  198  205  210  215  219  223  226  228  232  237  244  251
  258  263  266  267  267  265  262  258  252
    52.5-180.0 180.0   5.0 450.0                            LAT/LON1/LON2/DLON/H
  271  266  258  249  239  232  227  226  227  231  235  239  245  251  257  264
  269  272  273  273  273  273  273  271  268  261  252  244  237  229  222  212
  198  184  171  161  156  157  159  161  161  159  157  154  152  152  153  156
  163  171  182  192  201  210  217  224  231  237  242  246  250  254  259  265
  271  275  278  280  280  279  278  275  271
    50.0-180.0 180.0   5.0 450.0                            LAT/LON1/LON2/DLON/H
  291  287  281  272  263  255  249  245  244  243  243  244  247  251  257  264
  270  274  275  275  276  278  282  284  282  277  268  258  248  239  228  215
  199  181  167  158  156  159  164  168  169  166  161  157  153  150  149  152
  159  169  181  193  205  216  225  235  244  252  259  265  269  273  277  281
  286  289  291  293  292  292  293  293  291
    47.5-180.0 180.0   5.0 450.0                            LAT/LON1/LON2/DLON/H
  308  306  302  295  288  280  274  269  266  262  258  255  254  256  260  266
  272  276  278  278  279  283  288  293  293  288  279  267  255  243  229  213
  195  178  164  157  158  165  174  178  179  175  170  163  157  152  149  150
  157  168  181  196  210  223  234  245  256  268  277  285  289  293  295  298
  301  305  306  307  306  306  307  308  308
    45.0-180.0 180.0   5.0 450.0                            LAT/LON1/LON2/DLON/H
  323  322  320  316  311  306  301  297  292  287  279  272  267  266  268  273
  277  280  281  280  282  285  292  298  299  294  283  269  254  240  224  207
  190  174  162  159  164  174  184  190  191  187  181  174  167  159  153  152
  157  167  182  198  215  230  243  256  269  283  295  304  309  312  314  316
  319  322  323  323  322  321  321  322  323
    42.5-180.0 180.0   5.0 450.0                            LAT/LON1/LON2/DLON/H
  337  336  335  333  331  328  326  324  320  314  305  295  287  282  281  283
  285  287  287  285  285  288  294  299  300  294  282  267  249  232  215  199
  184  172  166  166  174  186  197  204  204  202  197  191  182  171  161  156
  159  168  183  202  220  237  253  268  283  298  312  322  327  331  332  335
  338  341  343  342  340  337  336  336  337
    40.0-180.0 180.0   5.0 450.0                            LAT/LON1/LON2/DLON/H
  349  348  348  347  346  347  348  348  347  342  333  322  312  304  299  297
  296  296  295  292  291  292  295  299  300  293  280  262  242  223  207  193
  182  175  173  177  188  200  212  218  220  219  216  211  201  188  174  165
  164  171  185  204  225  245  262  279  295  312  325  336  343  346  349  352
  356  360  363  364  360  356  352  350  349
    37.5-180.0 180.0   5.0 450.0                            LAT/LON1/LON2/DLON/H
  362  360  358  358  359  361  366  370  372  370  363  352  341  330  322  315
  311  308  306  302  299  297  299  301  300  293  279  259  238  218  202  191
  185  184  187  194  204  216  226  233  237  239  239  236  227  210  192  177
  172  175  188  207  229  250  269  287  305  322  337  347  354  359  362  367
  372  378  383  384  381  375  369  364  362
    35.0-180.0 180.0   5.0 450.0                            LAT/LON1/LON2/DLON/H
  376  372  370  368  369  374  381  389  396  397  393  384  373  361  348  336
  328  322  318  315  310  306  305  305  303  296  281  261  238  218  204  196
  195  199  206  214  223  232  240  247  254  261  265  263  253  234  212  193
  182  181  191  208  230  252  273  292  310  328  343  354  362  367  372  378
  385  393  399  402  400  394  385  380  376
    32.5-180.0 180.0   5.0 450.0                            LAT/LON1/LON2/DLON/H
  390  386  382  379  380  386  396  408  418  423  421  415  406  393  377  360
  345  337  333  330  324  319  315  313  311  304  289  269  246  225  211  205
  208  216  224  232  238  245  252  260  270  281  288  288  277  256  230  207
  193  188  193  208  228  250  271  292  311  329  345  356  365  372  378  385
  393  403  411  416  416  410  402  395  390
    30.0-180.0 180.0   5.0 450.0                            LAT/LON1/LON2/DLON/H
  406  402  397  392  394  402  415  430  443  450  450  446  439  426  408  385
  365  353  350  347  342  335  329  327  323  316  302  281  257  235  220  215
  220  230  238  243  247  251  258  268  281  296  305  305  293  270  243  218
  201  193  194  205  222  243  264  286  308  326  342  354  364  372  379  388
  397  407  418  426  428  424  417  410  406
    27.5-180.0 180.0   5.0 450.0                            LAT/LON1/LON2/DLON/H
  421  418  413  410  412  422  439  456  470  477  478  475  471  460  439  412
  387  372  368  367  361  353  347  342  338  329  315  293  268  243  227  222
  227  236  242  244  245  248  257  269  285  301  311  312  297  274  246  222
  205  195  192  198  212  232  254  277  300  320  337  350  361  370  379  389
  399  410  422  432  437  436  430  425  421
    25.0-180.0 180.0   5.0 450.0                            LAT/LON1/LON2/DLON/H
  437  435  431  430  435  449  467  487  502  507  506  504  501  492  471  441
  412  394  389  387  381  372  364  358  351  339  323  300  273  246  227  220
  222  229  233  233  232  236  246  261  279  295  304  302  287  263  239  218
  203  194  188  190  201  219  242  268  292  314  332  347  358  369  380  391
  402  413  425  436  445  446  443  439  437
    22.5-180.0 180.0   5.0 450.0                            LAT/LON1/LON2/DLON/H
  451  451  450  451  461  479  500  521  535  538  534  532  530  522  502  472
  440  419  411  408  401  390  380  370  358  342  321  297  268  240  218  207
  207  211  212  210  209  213  225  242  259  274  282  278  263  242  222  206
  196  188  181  179  189  207  232  258  285  309  328  344  357  370  383  396
  408  419  431  443  453  457  456  453  451
    20.0-180.0 180.0   5.0 450.0                            LAT/LON1/LON2/DLON/H
  466  466  468  475  489  510  533  554  567  568  562  558  557  550  532  503
  470  447  435  429  418  404  390  376  358  334  308  282  253  223  199  187
  184  186  185  181  180  185  197  213  229  242  247  243  230  213  198  189
  184  177  171  169  178  197  222  252  280  306  329  346  361  375  390  405
  418  429  441  452  463  469  469  468  466
    17.5-180.0 180.0   5.0 450.0                            LAT/LON1/LON2/DLON/H
  481  481  486  497  516  540  562  582  594  594  587  582  580  574  559  532
  500  473  458  447  432  414  395  375  348  317  285  256  228  199  176  162
  158  158  156  150  148  154  166  181  195  205  210  206  195  183  174  171
  170  166  160  159  169  189  217  248  279  308  332  352  368  385  402  418
  432  445  455  466  477  483  485  483  481
    15.0-180.0 180.0   5.0 450.0                            LAT/LON1/LON2/DLON/H
  499  498  504  518  540  564  584  602  613  614  607  602  600  594  579  555
  525  497  477  461  441  417  393  366  331  292  255  225  198  172  150  138
  136  136  132  126  123  128  139  152  164  171  175  172  165  157  154  155
  156  154  149  150  161  183  213  245  279  311  338  360  378  397  415  433
  448  461  472  483  493  500  503  501  499
    12.5-180.0 180.0   5.0 450.0                            LAT/LON1/LON2/DLON/H
  520  518  523  538  560  581  597  611  621  625  621  617  613  606  592  570
  543  514  490  468  442  413  384  350  309  264  224  193  170  147  130  122
  123  124  119  112  108  112  122  132  141  147  150  149  144  140  140  143
  144  142  138  141  155  178  209  243  279  314  343  368  389  409  429  449
  465  478  489  499  510  519  524  524  520
    10.0-180.0 180.0   5.0 450.0                            LAT/LON1/LON2/DLON/H
  543  540  543  556  575  592  602  611  620  627  628  626  620  610  595  576
  550  521  493  465  434  401  367  330  285  237  196  167  146  129  118  116
  120  123  120  112  107  112  120  128  134  137  139  137  133  130  132  135
  135  131  128  133  148  172  204  240  277  314  345  373  398  421  443  462
  478  491  502  514  526  539  546  547  543
     7.5-180.0 180.0   5.0 450.0                            LAT/LON1/LON2/DLON/H
  569  564  565  574  588  598  601  604  612  622  627  627  621  608  591  572
  547  517  486  453  418  381  346  307  261  215  176  151  134  121  117  121
  129  135  133  126  122  127  135  140  140  140  139  135  131  128  128  130
  128  122  119  124  139  164  195  231  272  310  344  374  403  429  452  471
  486  498  510  524  540  556  568  572  569
     5.0-180.0 180.0   5.0 450.0                            LAT/LON1/LON2/DLON/H
  593  587  585  592  601  604  599  596  602  612  620  622  616  601  581  560
  536  505  471  435  396  357  322  284  241  199  166  145  132  124  124  133
  146  155  156  151  149  155  160  160  154  148  144  139  133  128  126  125
  121  113  108  114  129  152  182  219  261  301  337  370  403  433  457  475
  487  498  511  526  547  568  585  594  593
     2.5-180.0 180.0   5.0 450.0                            LAT/LON1/LON2/DLON/H
  611  606  604  608  615  612  601  592  593  602  611  613  607  591  569  545
  518  486  451  412  371  333  299  265  228  193  166  151  141  136  139  151
  166  178  183  181  180  185  187  181  169  157  150  142  134  126  122  120
  113  103   98  103  117  138  165  202  245  286  324  361  397  431  456  471
  482  490  504  521  546  574  596  609  611
