data/corinthe/IONEX/igsg1680.15i
     1.0            IONOSPHERE MAPS     MIX                 IONEX VERSION / TYPE
cmpcmb v1.2          GRL/UWM             7-jul-15 17:18     PGM / RUN BY / DATE 
ionex file containing IGS COMBINED Ionosphere maps          COMMENT             
global ionosphere maps for day 168, 2015                    DESCRIPTION         
IONEX file containing the COMBINED IGS TEC MAPS and DCBs    DESCRIPTION         
      IONEX files of the following IAACs were combined: cod DESCRIPTION         
                                                        jpl DESCRIPTION         
Contact address: Andrzej Krankowski                         DESCRIPTION
                 Geodynamics Research Laboratory            DESCRIPTION
                 University of Warmia and Mazury (GRL/UWM)  DESCRIPTION
                 Oczapowski St. 1                           DESCRIPTION
                 10-957-Olsztyn, POLAND                     DESCRIPTION
                 e-mail:  kand@uwm.edu.pl                   DESCRIPTION
                                                            DESCRIPTION         
  2015     6    17     0     0     0                        EPOCH OF FIRST MAP  
  2015     6    18     0     0     0                        EPOCH OF LAST MAP   
  7200                                                      INTERVAL            
    13                                                      # OF MAPS IN FILE   
  COSZ                                                      MAPPING FUNCTION    
     0.0                                                    ELEVATION CUTOFF    
combined TEC calculated as weighted mean of input TEC valuesOBSERVABLES USED    
   321                                                      # OF STATIONS       
    32                                                      # OF SATELLITES     
  6371.0                                                    BASE RADIUS         
     2                                                      MAP DIMENSION       
   450.0 450.0   0.0                                        HGT1 / HGT2 / DHGT  
    87.5 -87.5  -2.5                                        LAT1 / LAT2 / DLAT  
  -180.0 180.0   5.0                                        LON1 / LON2 / DLON  
    -1                                                      EXPONENT            
TEC values in 0.1 tec units;  9999, if no value available   COMMENT             
DCB values in nanoseconds, reference is Sum_of_SatDCBs = 0  COMMENT             
                                                            END OF HEADER       
[from data line 3861]
    10                                                      START OF TEC MAP    
  2015     6    17    18     0     0                        EPOCH OF CURRENT MAP
    87.5-180.0 180.0   5.0 450.0                            LAT/LON1/LON2/DLON/H
  141  141  141  142  142  143  143  144  144  145  145  145  146  146  146  146
  147  147  147  147  147  147  147  147  146  146  146  146  145  145  145  145
  144  144  143  143  142  142  141  141  140  140  140  140  140  139  139  139
  138  138  138  138  138  138  138  137  137  137  137  137  137  137  138  137
  137  138  138  138  139  139  140  140  141
    85.0-180.0 180.0   5.0 450.0                            LAT/LON1/LON2/DLON/H
  138  139  140  141  142  143  144  144  145  146  147  147  148  149  149  149
  150  150  150  150  150  150  150  150  149  149  149  148  147  146  146  145
  144  144  143  142  142  141  140  140  139  139  138  137  137  136  136  136
  135  135  135  135  134  134  134  134  133  133  133  133  133  132  132  133
  133  133  133  134  135  135  136  137  138
    82.5-180.0 180.0   5.0 450.0                            LAT/LON1/LON2/DLON/H
  136  137  138  140  141  143  144  145  146  147  147  148  149  149  150  150
  151  151  151  152  152  152  152  152  152  151  151  149  149  148  147  145
  144  143  142  142  141  140  139  139  138  137  137  136  136  135  134  134
  134  133  133  132  132  132  132  131  131  131  130  129  129  129  128  128
  128  129  129  130  131  132  133  134  136
    80.0-180.0 180.0   5.0 450.0                            LAT/LON1/LON2/DLON/H
  134  135  137  139  141  142  143  143  144  145  145  145  146  147  147  148
  149  150  151  152  153  154  154  154  154  154  153  152  150  149  148  147
  145  144  143  143  142  142  141  141  140  139  138  137  136  135  134  134
  133  132  132  131  131  131  131  131  130  129  129  128  128  127  126  127
  127  126  127  127  128  129  130  132  134
    77.5-180.0 180.0   5.0 450.0                            LAT/LON1/LON2/DLON/H
  134  135  137  138  140  141  141  141  141  141  141  141  141  142  143  144
  145  147  148  151  153  155  156  157  157  157  156  155  153  151  149  148
  146  145  145  145  146  146  146  146  145  144  142  141  139  137  136  134
  133  132  132  132  131  131  131  131  131  130  130  129  129  128  128  128
  127  127  127  128  129  129  131  132  134
    75.0-180.0 180.0   5.0 450.0                            LAT/LON1/LON2/DLON/H
  136  136  137  138  139  139  139  139  138  137  137  137  136  136  137  138
  140  142  145  149  152  156  159  160  162  162  161  159  156  154  151  149
  148  147  147  148  149  150  152  152  151  150  148  146  143  140  138  136
  134  133  133  133  132  133  133  133  133  132  133  132  132  132  131  131
  131  131  131  131  131  132  133  134  136
    72.5-180.0 180.0   5.0 450.0                            LAT/LON1/LON2/DLON/H
  138  138  139  139  138  138  137  136  136  135  134  133  133  132  133  134
  135  138  142  147  152  157  161  165  166  166  166  163  161  157  154  151
  149  149  149  151  153  155  157  159  158  157  155  151  148  144  140  137
  135  134  134  133  134  134  134  134  135  134  134  135  135  136  136  137
  137  137  137  136  137  137  137  138  138
    70.0-180.0 180.0   5.0 450.0                            LAT/LON1/LON2/DLON/H
  142  142  141  140  140  138  137  136  135  134  133  132  131  130  130  130
  131  134  139  145  152  159  165  169  171  172  171  167  164  161  157  153
  151  150  151  153  156  159  161  163  164  162  160  156  151  146  142  139
  136  136  135  135  136  135  136  135  135  135  135  137  138  139  140  141
  142  142  143  143  143  142  142  142  142
    67.5-180.0 180.0   5.0 450.0                            LAT/LON1/LON2/DLON/H
  147  146  145  144  143  141  139  138  136  135  135  134  133  131  130  129
  129  132  138  145  152  160  167  171  174  174  173  170  166  163  159  156
  154  153  154  155  158  161  164  166  167  166  163  159  154  149  144  141
  140  139  138  139  138  138  136  135  135  134  135  135  137  139  141  143
  144  145  147  147  148  148  148  147  147
    65.0-180.0 180.0   5.0 450.0                            LAT/LON1/LON2/DLON/H
  152  151  150  149  147  145  142  140  139  138  137  137  135  133  131  129
  129  132  137  145  152  160  167  172  174  175  173  171  168  165  163  160
  157  156  156  157  159  162  165  167  168  168  166  162  158  153  149  146
  144  144  144  143  141  139  137  134  132  130  130  131  133  135  138  140
  143  145  147  149  150  151  152  152  152
    62.5-180.0 180.0   5.0 450.0                            LAT/LON1/LON2/DLON/H
  157  156  156  154  153  150  147  145  142  142  141  140  139  137  134  132
  131  133  138  144  152  160  166  170  172  172  171  169  168  167  166  164
  163  161  159  159  160  162  164  167  169  169  169  167  163  159  156  154
  153  152  151  149  147  142  138  133  129  126  126  125  127  128  131  135
  138  141  144  147  151  153  155  156  157
    60.0-180.0 180.0   5.0 450.0                            LAT/LON1/LON2/DLON/H
  161  161  161  161  159  156  152  149  146  144  144  143  142  141  138  135
  134  135  138  144  151  158  163  167  168  167  167  166  167  168  170  169
  168  167  164  163  162  162  164  167  169  172  174  173  171  170  167  165
  163  162  160  157  152  146  138  132  126  122  121  120  120  121  123  126
  130  134  138  143  148  153  156  159  161
    57.5-180.0 180.0   5.0 450.0                            LAT/LON1/LON2/DLON/H
  163  165  166  167  165  163  158  153  149  146  146  146  145  144  142  139
  138  137  139  144  149  155  159  162  162  162  162  164  167  171  174  176
  176  173  170  167  165  164  166  169  173  177  181  183  183  182  180  178
  176  174  170  165  158  150  141  133  126  121  118  116  115  114  116  118
  121  126  131  138  144  151  156  160  163
    55.0-180.0 180.0   5.0 450.0                            LAT/LON1/LON2/DLON/H
  165  168  171  172  172  169  164  159  153  150  148  148  148  147  146  143
  141  140  141  144  148  152  155  156  157  158  160  163  169  175  181  184
  184  181  176  173  170  169  170  173  179  185  190  194  196  196  193  191
  188  185  179  173  164  154  144  135  128  123  119  116  114  111  111  112
  115  120  126  134  142  150  156  161  165
    52.5-180.0 180.0   5.0 450.0                            LAT/LON1/LON2/DLON/H
  168  172  175  178  178  176  172  165  159  154  151  150  150  150  149  147
  145  144  144  145  147  150  152  153  154  156  159  166  174  182  188  191
  191  188  185  181  178  177  179  183  188  196  203  208  210  209  207  202
  198  192  186  177  167  157  147  139  133  128  125  121  117  113  111  111
  113  118  125  133  141  149  157  162  168
    50.0-180.0 180.0   5.0 450.0                            LAT/LON1/LON2/DLON/H
  170  175  179  183  184  184  180  174  167  160  157  154  154  153  152  151
  149  147  147  147  148  150  151  152  154  157  163  171  181  189  196  198
  198  196  193  191  189  189  191  195  201  209  217  223  223  221  217  211
  204  197  188  179  168  158  150  144  139  136  133  129  125  120  116  116
  118  122  129  136  144  153  159  165  170
    47.5-180.0 180.0   5.0 450.0                            LAT/LON1/LON2/DLON/H
  174  179  183  187  191  192  189  184  177  171  165  161  159  157  156  155
  154  153  151  150  151  152  153  155  157  162  170  179  190  198  203  205
  204  204  203  203  204  205  207  211  217  225  232  236  235  231  224  216
  208  198  189  178  168  159  152  148  147  146  145  141  136  131  128  127
  129  133  139  145  152  158  164  169  174
    45.0-180.0 180.0   5.0 450.0                            LAT/LON1/LON2/DLON/H
  178  182  186  191  195  198  198  194  189  184  177  171  166  163  162  161
  161  159  157  155  155  156  157  160  165  171  180  191  201  208  212  212
  212  213  216  219  221  224  226  230  236  242  248  250  246  238  228  219
  209  198  188  176  167  159  155  154  155  156  156  155  151  147  144  143
  145  149  153  158  163  167  170  174  178
    42.5-180.0 180.0   5.0 450.0                            LAT/LON1/LON2/DLON/H
  182  185  188  192  197  202  205  205  202  197  191  184  178  172  169  169
  168  166  163  162  161  162  165  169  174  183  193  204  214  221  223  223
  224  227  231  237  241  244  247  250  255  260  263  262  255  245  233  221
  211  200  188  177  167  161  158  160  163  166  169  169  168  165  163  164
  165  168  171  174  176  177  178  180  182
    40.0-180.0 180.0   5.0 450.0                            LAT/LON1/LON2/DLON/H
  186  187  188  191  196  203  209  213  214  213  207  200  191  184  181  179
  177  175  171  168  168  170  174  179  186  195  207  219  230  236  238  239
  240  245  251  258  263  266  268  270  273  276  277  273  263  250  237  226
  215  204  192  180  170  165  164  166  172  176  180  183  184  183  183  183
  185  188  189  190  189  187  185  185  186
    37.5-180.0 180.0   5.0 450.0                            LAT/LON1/LON2/DLON/H
  188  187  186  187  192  200  210  219  226  228  225  217  208  200  195  192
  189  184  180  176  176  179  184  190  198  208  221  235  246  255  259  260
  263  269  275  281  285  287  288  287  289  289  288  281  270  256  243  232
  223  211  199  187  177  171  171  175  181  186  190  194  196  198  199  200
  202  203  204  202  199  195  192  189  188
    35.0-180.0 180.0   5.0 450.0                            LAT/LON1/LON2/DLON/H
  189  186  183  181  186  195  208  223  235  242  242  237  228  220  213  208
  203  196  190  186  186  189  195  202  210  221  234  250  264  276  284  289
  292  298  303  307  308  307  304  302  300  299  295  287  274  261  249  240
  231  220  207  195  185  181  182  186  190  194  198  201  205  208  209  210
  212  213  212  209  205  199  195  192  189
    32.5-180.0 180.0   5.0 450.0                            LAT/LON1/LON2/DLON/H
  188  183  178  175  178  188  205  225  243  255  260  257  251  243  235  227
  219  211  203  199  198  202  208  215  222  232  247  265  284  301  313  321
  326  329  332  331  329  324  318  312  307  303  297  288  276  265  254  246
  239  228  215  203  195  192  194  197  199  201  202  204  207  209  211  211
  212  213  212  208  203  198  194  191  188
    30.0-180.0 180.0   5.0 450.0                            LAT/LON1/LON2/DLON/H
  185  179  173  168  170  182  203  227  250  268  277  279  276  269  261  251
  240  230  221  216  215  218  224  229  235  244  259  281  304  326  343  354
  360  361  360  355  348  339  329  320  312  304  296  287  276  265  257  249
  242  232  219  208  202  202  205  207  208  205  203  202  203  203  202  202
  202  203  202  199  195  191  190  188  185
    27.5-180.0 180.0   5.0 450.0                            LAT/LON1/LON2/DLON/H
  182  177  170  164  166  179  201  230  258  280  295  302  304  300  291  281
  268  256  246  240  238  240  243  246  249  257  273  297  324  351  372  385
  391  390  385  376  365  353  340  326  313  302  293  283  272  262  254  247
  240  231  219  209  206  209  214  215  213  207  201  196  194  190  187  186
  186  186  185  183  182  181  183  183  182
    25.0-180.0 180.0   5.0 450.0                            LAT/LON1/LON2/DLON/H
  180  176  170  164  166  178  203  235  266  293  313  326  332  332  325  315
  302  290  280  272  269  268  268  267  266  271  288  316  346  376  398  413
  417  414  406  395  382  368  351  333  316  302  290  279  268  258  248  240
  234  224  213  205  205  212  218  219  214  205  195  187  181  174  169  165
  164  164  165  165  165  169  174  178  180
    22.5-180.0 180.0   5.0 450.0                            LAT/LON1/LON2/DLON/H
  179  179  174  170  171  183  209  242  275  305  330  349  361  365  362  355
  344  332  322  314  308  304  299  292  286  290  308  337  370  400  423  435
  439  434  423  412  399  385  366  344  322  304  289  276  265  253  241  232
  224  215  205  198  200  208  216  218  212  200  188  177  167  158  149  144
  141  142  144  146  150  156  166  174  179
    20.0-180.0 180.0   5.0 450.0                            LAT/LON1/LON2/DLON/H
  180  183  182  179  181  193  217  250  284  316  346  370  386  395  398  395
  389  380  371  362  354  345  334  321  311  313  331  362  395  424  444  454
  455  449  438  427  417  405  386  360  332  309  291  277  263  249  236  224
  215  206  197  191  193  202  209  211  205  193  179  167  155  143  132  125
  122  124  126  129  136  146  158  170  180
    17.5-180.0 180.0   5.0 450.0                            LAT/LON1/LON2/DLON/H
  179  188  192  192  195  206  229  259  292  325  357  384  406  420  429  432
  431  427  420  411  401  387  371  352  339  340  359  390  421  447  464  471
  469  462  451  442  436  427  408  378  346  318  297  281  266  250  234  220
  210  201  192  186  188  194  201  202  197  186  172  159  146  133  120  111
  108  109  112  117  125  137  151  167  179
    15.0-180.0 180.0   5.0 450.0                            LAT/LON1/LON2/DLON/H
  178  192  202  207  212  222  242  269  300  331  362  391  416  436  450  461
  466  467  463  456  443  427  406  384  369  370  389  419  448  470  481  484
  481  472  462  456  453  448  429  397  360  328  306  289  274  257  238  221
  208  199  191  185  184  187  192  193  189  178  166  153  140  127  113  102
   98  100  103  107  116  129  145  161  178
    12.5-180.0 180.0   5.0 450.0                            LAT/LON1/LON2/DLON/H
  174  193  210  222  229  240  257  280  307  334  363  391  416  439  459  476
  488  494  494  488  475  457  435  414  399  401  421  448  473  490  497  496
  490  480  471  465  466  463  444  411  372  339  315  300  285  267  246  225
  211  201  193  186  183  184  185  186  182  173  161  149  137  124  110   99
   95   94   96  101  108  121  137  154  174
    10.0-180.0 180.0   5.0 450.0                            LAT/LON1/LON2/DLON/H
  167  191  216  234  247  258  273  293  315  338  362  386  410  432  454  475
  493  505  509  504  493  477  457  439  429  433  452  476  496  506  509  505
  497  485  475  470  470  468  450  417  377  345  324  311  298  279  255  231
  214  203  194  188  184  181  180  180  177  169  159  148  137  125  112  100
   94   92   91   94  100  112  127  145  167
     7.5-180.0 180.0   5.0 450.0                            LAT/LON1/LON2/DLON/H
  157  187  218  243  261  275  290  308  326  344  362  381  400  420  442  465
  485  499  506  504  496  483  470  459  456  464  481  500  512  516  515  509
  499  486  472  465  463  459  441  409  374  346  329  319  308  289  261  234
  213  202  194  188  183  178  175  175  172  166  157  147  138  128  115  104
   97   92   88   87   92  102  116  133  157
     5.0-180.0 180.0   5.0 450.0                            LAT/LON1/LON2/DLON/H
  146  179  217  249  273  292  308  325  341  356  369  381  393  408  426  447
  468  484  493  493  487  481  477  476  481  492  506  518  522  519  514  506
  494  478  461  449  443  436  418  390  361  340  328  320  310  290  260  229
  207  194  187  182  177  172  168  167  165  161  154  146  138  129  118  108
  100   92   85   81   83   92  104  121  146
     2.5-180.0 180.0   5.0 450.0                            LAT/LON1/LON2/DLON/H
  136  172  212  251  282  304  325  344  360  373  382  389  395  402  414  431
  450  465  473  475  474  475  480  489  501  514  524  528  523  515  505  495
  481  462  440  422  411  401  384  360  339  325  318  313  302  280  249  216
  193  179  172  169  165  160  157  155  154  151  147  142  136  129  121  111
  101   92   82   76   76   83   94  110  136
