data/corinthe/IONEX/igsg1650.15i
     1.0            IONOSPHERE MAPS     MIX                 IONEX VERSION / TYPE
cmpcmb v1.2          GRL/UWM             7-jul-15 17:05     PGM / RUN BY / DATE 
ionex file containing IGS COMBINED Ionosphere maps          COMMENT             
global ionosphere maps for day 165, 2015                    DESCRIPTION         
IONEX file containing the COMBINED IGS TEC MAPS and DCBs    DESCRIPTION         
      IONEX files of the following IAACs were combined: cod DESCRIPTION         
                                                        jpl DESCRIPTION         
Contact address: Andrzej Krankowski                         DESCRIPTION
                 Geodynamics Research Laboratory            DESCRIPTION
                 University of Warmia and Mazury (GRL/UWM)  DESCRIPTION
                 Oczapowski St. 1                           DESCRIPTION
                 10-957-Olsztyn, POLAND                     DESCRIPTION
                 e-mail:  kand@uwm.edu.pl                   DESCRIPTION
                                                            DESCRIPTION         
  2015     6    14     0     0     0                        EPOCH OF FIRST MAP  
  2015     6    15     0     0     0                        EPOCH OF LAST MAP   
  7200                                                      INTERVAL            
    13                                                      # OF MAPS IN FILE   
  COSZ                                                      MAPPING FUNCTION    
     0.0                                                    ELEVATION CUTOFF    
combined TEC calculated as weighted mean of input TEC valuesOBSERVABLES USED    
   319                                                      # OF STATIONS       
    32                                                      # OF SATELLITES     
  6371.0                                                    BASE RADIUS         
     2                                                      MAP DIMENSION       
   450.0 450.0   0.0                                        HGT1 / HGT2 / DHGT  
    87.5 -87.5  -2.5                                        LAT1 / LAT2 / DLAT  
  -180.0 180.0   5.0                                        LON1 / LON2 / DLON  
    -1                                                      EXPONENT            
TEC values in 0.1 tec units;  9999, if no value available   COMMENT             
DCB values in nanoseconds, reference is Sum_of_SatDCBs = 0  COMMENT             
                                                            END OF HEADER       
[from data line 3003]
     8                                                      START OF TEC MAP    
  2015     6    14    14     0     0                        EPOCH OF CURRENT MAP
    87.5-180.0 180.0   5.0 450.0                            LAT/LON1/LON2/DLON/H
  172  170  169  168  168  166  165  164  164  163  163  163  163  163  163  163
  163  164  164  165  165  166  167  168  169  170  171  172  173  174  174  175
  176  177  178  179  180  181  182  183  184  184  185  185  186  186  187  187
  187  187  188  188  188  187  187  187  187  186  186  185  184  184  183  182
  181  180  178  178  177  175  174  173  172
    85.0-180.0 180.0   5.0 450.0                            LAT/LON1/LON2/DLON/H
  169  166  164  162  160  158  156  154  153  152  151  150  150  150  151  151
  152  153  155  156  157  159  161  163  165  167  169  171  173  174  176  178
  180  181  183  184  185  187  188  189  189  190  191  192  192  193  194  195
  195  196  197  197  197  197  197  197  196  196  195  194  193  192  190  189
  187  185  183  181  179  176  174  171  169
    82.5-180.0 180.0   5.0 450.0                            LAT/LON1/LON2/DLON/H
  168  164  161  158  155  152  149  147  145  144  142  141  141  141  142  143
  144  146  147  150  152  154  157  160  163  166  169  171  174  177  179  182
  184  185  187  188  189  190  191  192  192  193  194  194  195  196  197  198
  198  200  201  202  202  203  203  203  203  203  202  201  200  198  196  194
  192  189  187  184  181  178  174  171  168
    80.0-180.0 180.0   5.0 450.0                            LAT/LON1/LON2/DLON/H
  169  166  162  158  154  151  148  145  141  140  138  137  136  137  137  139
  140  142  144  147  149  152  155  159  162  165  169  172  176  179  182  184
  187  189  190  191  192  193  193  193  193  194  194  193  194  195  196  197
  198  199  201  201  203  204  205  206  206  205  204  204  202  200  198  196
  193  191  188  185  182  179  176  173  169
    77.5-180.0 180.0   5.0 450.0                            LAT/LON1/LON2/DLON/H
  173  170  167  162  159  155  151  147  144  141  138  137  136  137  137  138
  140  142  144  147  150  153  156  159  162  165  170  173  177  182  185  188
  191  193  194  195  195  195  194  193  193  192  191  191  191  192  193  194
  194  196  197  198  200  201  202  203  203  203  202  201  199  197  195  193
  190  188  186  184  182  180  178  175  173
    75.0-180.0 180.0   5.0 450.0                            LAT/LON1/LON2/DLON/H
  178  177  174  171  167  163  159  154  151  147  144  142  141  141  141  142
  143  145  147  149  151  152  155  158  161  165  168  172  177  182  186  190
  194  196  197  198  198  197  196  193  192  191  189  189  188  188  188  188
  189  190  192  193  194  195  197  197  198  197  196  195  192  191  188  186
  184  182  181  180  180  180  179  179  178
    72.5-180.0 180.0   5.0 450.0                            LAT/LON1/LON2/DLON/H
  183  183  183  181  178  174  170  165  161  157  153  151  150  148  149  148
  149  150  150  151  151  152  154  156  159  162  166  170  175  179  184  189
  193  197  199  200  200  199  198  196  193  192  190  189  188  186  186  185
  186  186  187  188  189  190  191  192  192  191  190  187  185  182  180  177
  176  175  175  176  176  178  180  182  183
    70.0-180.0 180.0   5.0 450.0                            LAT/LON1/LON2/DLON/H
  186  188  189  189  187  184  180  176  171  167  164  161  159  158  156  155
  154  154  153  152  152  151  153  154  156  159  162  167  170  175  180  185
  190  194  198  200  201  202  200  199  197  196  194  192  190  189  187  186
  184  184  184  185  186  187  189  189  189  188  186  183  180  177  174  172
  170  169  169  171  173  176  179  183  186
    67.5-180.0 180.0   5.0 450.0                            LAT/LON1/LON2/DLON/H
  186  190  192  194  193  191  188  184  179  175  172  169  167  165  164  161
  159  156  154  152  150  149  150  150  153  155  159  162  166  170  175  180
  186  191  196  199  202  203  203  203  203  202  201  200  198  195  193  189
  187  186  185  186  187  189  191  191  191  189  187  184  181  177  174  171
  169  167  167  168  170  173  177  182  186
    65.0-180.0 180.0   5.0 450.0                            LAT/LON1/LON2/DLON/H
  182  187  191  193  193  192  189  186  183  180  177  174  173  171  168  165
  162  158  154  150  148  146  146  147  150  153  156  159  163  167  172  177
  183  189  194  199  203  205  207  209  210  211  212  211  209  206  202  197
  194  192  191  192  194  197  199  200  199  198  195  192  188  185  181  177
  173  170  168  167  168  170  173  177  182
    62.5-180.0 180.0   5.0 450.0                            LAT/LON1/LON2/DLON/H
  174  179  183  186  187  187  185  183  180  178  176  175  175  173  171  167
  163  157  152  147  144  143  143  144  147  151  155  159  163  167  171  176
  182  189  194  200  205  209  212  215  219  222  224  224  222  218  214  208
  204  201  200  201  204  208  211  213  213  211  208  204  201  197  193  188
  183  177  172  168  166  165  167  170  174
    60.0-180.0 180.0   5.0 450.0                            LAT/LON1/LON2/DLON/H
  163  168  171  175  177  178  177  175  173  172  172  172  173  173  171  167
  162  156  150  145  141  139  140  142  147  152  156  161  165  169  175  180
  187  193  199  204  209  214  218  223  228  233  236  238  236  232  227  220
  215  211  210  212  216  222  226  228  228  226  223  219  215  211  206  200
  193  186  177  170  164  160  159  160  163
    57.5-180.0 180.0   5.0 450.0                            LAT/LON1/LON2/DLON/H
  151  154  158  161  164  165  166  166  165  164  165  167  169  170  169  167
  161  155  148  142  138  137  138  141  147  153  159  164  170  175  182  188
  195  201  206  212  217  222  227  232  238  244  249  251  250  246  239  232
  225  221  219  222  227  234  240  244  244  241  237  233  228  223  218  211
  202  192  181  171  161  154  150  149  151
    55.0-180.0 180.0   5.0 450.0                            LAT/LON1/LON2/DLON/H
  141  143  145  149  152  154  156  157  157  158  159  162  166  168  168  166
  161  155  147  141  137  136  138  142  149  156  163  169  176  183  191  200
  207  213  218  224  228  233  238  243  249  255  260  263  262  258  251  243
  236  230  229  231  237  244  250  255  255  252  248  243  237  231  224  216
  207  195  183  170  159  149  143  140  141
    52.5-180.0 180.0   5.0 450.0                            LAT/LON1/LON2/DLON/H
  134  135  137  140  143  146  149  152  154  155  157  160  164  167  168  166
  162  156  149  142  137  136  139  144  152  160  167  175  182  192  202  212
  220  228  233  238  243  248  252  257  261  267  272  275  274  269  262  253
  245  239  237  238  243  249  257  262  262  260  255  248  241  234  225  217
  206  194  182  169  156  146  139  135  134
    50.0-180.0 180.0   5.0 450.0                            LAT/LON1/LON2/DLON/H
  133  133  134  136  139  144  149  153  155  157  159  161  165  168  169  168
  164  158  151  144  141  140  143  149  156  164  172  181  190  201  213  225
  235  242  248  254  261  266  271  274  277  281  285  287  285  280  272  263
  254  247  244  244  247  252  259  264  266  264  258  250  242  233  223  214
  203  191  180  167  156  146  139  135  133
    47.5-180.0 180.0   5.0 450.0                            LAT/LON1/LON2/DLON/H
  139  137  137  137  140  145  152  157  161  163  164  166  169  171  172  172
  169  163  156  149  145  146  149  155  162  170  178  188  199  211  224  237
  248  257  264  273  282  289  294  296  297  299  301  301  298  291  282  273
  264  256  252  250  251  254  260  264  266  264  258  250  241  231  221  211
  201  190  179  169  159  151  145  141  139
    45.0-180.0 180.0   5.0 450.0                            LAT/LON1/LON2/DLON/H
  149  146  142  142  144  150  157  164  169  172  173  174  175  177  178  178
  176  170  163  156  153  154  159  165  172  179  188  197  209  222  236  250
  262  273  283  295  306  316  322  324  323  322  321  318  313  305  295  285
  276  268  262  258  256  257  259  264  265  263  258  250  241  231  222  212
  202  193  183  174  167  161  156  152  149
    42.5-180.0 180.0   5.0 450.0                            LAT/LON1/LON2/DLON/H
  162  156  150  148  148  153  161  170  177  181  182  183  183  183  185  186
  184  179  171  166  164  166  172  178  184  191  200  210  223  236  251  265
  279  292  306  322  337  349  357  358  355  351  346  340  332  323  312  301
  291  282  274  268  263  261  262  264  264  262  257  250  243  235  228  219
  210  201  192  184  178  174  170  167  162
    40.0-180.0 180.0   5.0 450.0                            LAT/LON1/LON2/DLON/H
  176  167  158  152  151  155  162  172  181  187  191  191  190  191  193  195
  194  189  183  178  178  182  188  195  201  207  216  227  241  254  269  284
  300  317  335  355  374  389  397  398  393  386  377  366  356  344  333  320
  309  299  289  281  274  269  267  265  264  261  256  252  247  243  237  231
  224  215  205  197  191  189  186  182  176
    37.5-180.0 180.0   5.0 450.0                            LAT/LON1/LON2/DLON/H
  189  177  164  155  151  153  160  171  182  191  197  199  198  199  201  205
  206  203  197  194  196  201  208  215  220  226  235  247  262  276  291  308
  327  349  372  395  417  434  442  443  436  425  411  398  384  370  356  342
  329  318  307  297  288  280  275  269  264  259  255  252  251  251  248  245
  239  230  219  210  205  203  202  197  189
    35.0-180.0 180.0   5.0 450.0                            LAT/LON1/LON2/DLON/H
  200  185  169  156  149  150  156  167  180  192  201  204  204  206  211  217
  220  220  217  215  218  224  231  237  241  247  257  270  284  300  317  337
  360  387  415  441  463  480  489  487  479  465  449  433  416  400  383  367
  352  340  328  317  305  295  284  275  265  257  252  251  253  255  256  255
  250  241  230  221  217  215  214  210  200
    32.5-180.0 180.0   5.0 450.0                            LAT/LON1/LON2/DLON/H
  210  192  173  158  149  147  152  162  177  191  203  209  211  214  221  230
  238  241  240  240  244  249  256  259  262  268  278  292  308  325  344  368
  396  428  459  486  509  524  531  529  519  504  486  468  450  431  412  394
  378  366  354  341  327  312  297  281  266  253  246  246  249  254  257  256
  253  246  235  226  223  223  223  220  210
    30.0-180.0 180.0   5.0 450.0                            LAT/LON1/LON2/DLON/H
  219  200  179  161  151  147  150  160  173  190  204  213  218  223  233  245
  257  264  267  269  272  278  281  282  282  287  298  314  331  349  371  398
  432  467  499  526  546  560  566  563  553  538  520  501  482  462  441  422
  406  395  384  369  352  333  312  289  267  249  238  236  240  244  248  249
  246  240  232  226  223  225  228  227  219
    27.5-180.0 180.0   5.0 450.0                            LAT/LON1/LON2/DLON/H
  225  208  186  168  156  152  152  159  172  189  205  218  226  235  247  261
  276  288  295  299  302  305  305  303  300  304  316  334  352  372  396  427
  463  499  531  555  573  584  589  587  578  564  546  529  509  489  468  450
  437  428  417  401  380  354  326  296  268  244  229  225  226  230  232  232
  230  226  221  218  217  222  229  231  225
    25.0-180.0 180.0   5.0 450.0                            LAT/LON1/LON2/DLON/H
  230  215  195  177  166  160  158  163  173  188  207  224  237  248  262  278
  296  311  322  327  330  330  327  321  317  320  333  351  371  392  418  450
  487  522  551  572  586  594  598  598  591  580  566  549  532  513  494  478
  467  461  450  431  404  373  338  303  268  240  221  213  211  211  212  211
  209  208  206  205  207  214  225  233  230
    22.5-180.0 180.0   5.0 450.0                            LAT/LON1/LON2/DLON/H
  232  221  204  188  176  170  167  169  176  190  210  231  249  264  279  294
  312  331  344  351  353  351  345  336  331  335  348  368  388  410  437  469
  504  536  559  575  585  591  595  596  594  587  576  563  548  533  516  503
  497  492  480  456  424  386  347  307  270  237  215  203  198  195  192  190
  189  190  190  192  195  204  219  231  232
    20.0-180.0 180.0   5.0 450.0                            LAT/LON1/LON2/DLON/H
  231  225  211  197  187  181  177  175  179  190  211  237  260  279  294  309
  325  345  360  368  370  366  358  349  345  348  363  384  405  427  453  483
  515  541  559  569  574  578  581  585  587  585  579  570  559  548  536  527
  523  517  502  473  434  392  350  309  270  237  212  197  188  182  178  175
  175  176  178  179  184  194  210  225  231
    17.5-180.0 180.0   5.0 450.0                            LAT/LON1/LON2/DLON/H
  226  223  214  202  194  189  184  180  180  189  210  239  268  289  305  317
  333  352  370  379  379  374  367  361  358  364  379  400  421  442  467  495
  522  543  554  558  559  559  563  569  576  580  578  573  566  558  550  545
  542  534  513  477  434  388  346  306  270  238  213  197  186  177  171  169
  169  170  170  172  175  185  201  217  226
    15.0-180.0 180.0   5.0 450.0                            LAT/LON1/LON2/DLON/H
  215  216  210  201  195  191  187  182  179  185  204  235  268  293  309  321
  334  354  372  382  383  378  374  370  372  380  396  416  437  458  481  505
  528  543  549  548  544  543  546  555  567  575  577  575  570  564  560  557
  554  541  513  471  423  377  336  300  268  239  216  200  187  177  171  170
  171  171  169  168  170  178  192  207  215
    12.5-180.0 180.0   5.0 450.0                            LAT/LON1/LON2/DLON/H
  202  203  199  193  190  188  185  179  174  176  194  225  259  287  305  317
  330  350  369  381  382  379  378  381  387  398  414  433  453  473  494  516
  534  546  548  544  537  534  536  547  562  574  579  577  573  567  563  562
  557  539  504  456  405  360  322  290  262  238  218  204  192  182  178  178
  179  177  173  169  168  173  183  194  202
    10.0-180.0 180.0   5.0 450.0                            LAT/LON1/LON2/DLON/H
  187  187  185  181  180  181  179  173  166  165  180  208  243  274  294  308
  322  342  363  375  378  378  383  392  404  417  433  450  468  487  507  525
  541  550  552  548  541  537  539  549  565  579  583  580  573  564  559  558
  551  528  486  434  382  339  305  279  255  235  218  206  197  190  187  188
  190  186  178  172  169  171  177  183  187
     7.5-180.0 180.0   5.0 450.0                            LAT/LON1/LON2/DLON/H
  173  170  168  166  168  171  171  165  156  153  162  188  223  255  278  295
  312  333  354  367  372  377  388  404  421  437  451  465  482  500  518  534
  547  557  562  560  555  552  554  562  576  586  587  580  568  555  547  544
  535  507  461  408  358  317  287  264  244  226  213  205  199  196  196  199
  199  194  184  177  173  172  172  174  173
     5.0-180.0 180.0   5.0 450.0                            LAT/LON1/LON2/DLON/H
  164  159  155  153  158  162  163  157  147  141  146  167  200  233  260  281
  301  324  345  360  367  376  394  416  437  454  466  478  492  510  526  540
  553  565  574  577  578  577  577  579  586  591  587  575  557  538  526  519
  507  476  430  378  330  293  267  247  229  214  203  198  196  197  200  204
  205  198  189  182  178  175  172  169  164
     2.5-180.0 180.0   5.0 450.0                            LAT/LON1/LON2/DLON/H
  161  154  147  146  151  158  159  153  141  131  132  149  179  212  243  268
  293  317  338  353  364  378  400  427  451  467  477  487  499  514  529  543
  556  571  585  595  601  601  596  592  591  588  578  560  536  512  495  484
  469  438  393  344  300  268  245  227  210  197  188  186  188  192  199  203
  203  198  190  185  183  180  175  169  161
