data/corinthe/IONEX/igsg1630.15i
     1.0            IONOSPHERE MAPS     MIX                 IONEX VERSION / TYPE
cmpcmb v1.2          GRL/UWM            29-jun-15 23:04     PGM / RUN BY / DATE 
ionex file containing IGS COMBINED Ionosphere maps          COMMENT             
global ionosphere maps for day 163, 2015                    DESCRIPTION         
IONEX file containing the COMBINED IGS TEC MAPS and DCBs    DESCRIPTION         
      IONEX files of the following IAACs were combined: cod DESCRIPTION         
                                                        jpl DESCRIPTION         
Contact address: Andrzej Krankowski                         DESCRIPTION
                 Geodynamics Research Laboratory            DESCRIPTION
                 University of Warmia and Mazury (GRL/UWM)  DESCRIPTION
                 Oczapowski St. 1                           DESCRIPTION
                 10-957-Olsztyn, POLAND                     DESCRIPTION
                 e-mail:  kand@uwm.edu.pl                   DESCRIPTION
                                                            DESCRIPTION         
  2015     6    12     0     0     0                        EPOCH OF FIRST MAP  
  2015     6    13     0     0     0                        EPOCH OF LAST MAP   
  7200                                                      INTERVAL            
    13                                                      # OF MAPS IN FILE   
  COSZ                                                      MAPPING FUNCTION    
     0.0                                                    ELEVATION CUTOFF    
combined TEC calculated as weighted mean of input TEC valuesOBSERVABLES USED    
   309                                                      # OF STATIONS       
    32                                                      # OF SATELLITES     
  6371.0                                                    BASE RADIUS         
     2                                                      MAP DIMENSION       
   450.0 450.0   0.0                                        HGT1 / HGT2 / DHGT  
    87.5 -87.5  -2.5                                        LAT1 / LAT2 / DLAT  
  -180.0 180.0   5.0                                        LON1 / LON2 / DLON  
    -1                                                      EXPONENT            
TEC values in 0.1 tec units;  9999, if no value available   COMMENT             
DCB values in nanoseconds, reference is Sum_of_SatDCBs = 0  COMMENT             
                                                            END OF HEADER       
[from data line 3861]
    10                                                      START OF TEC MAP    
  2015     6    12    18     0     0                        EPOCH OF CURRENT MAP
    87.5-180.0 180.0   5.0 450.0                            LAT/LON1/LON2/DLON/H
  205  206  207  208  208  209  210  210  211  211  212  212  213  213  213  213
  213  213  213  213  213  212  212  211  211  210  210  209  208  207  206  205
  205  204  203  202  201  200  200  199  198  198  197  197  196  195  195  195
  194  194  195  195  195  195  195  195  196  196  196  197  197  198  198  199
  200  200  201  202  203  203  204  204  205
    85.0-180.0 180.0   5.0 450.0                            LAT/LON1/LON2/DLON/H
  208  209  210  211  212  214  215  216  218  219  220  221  222  222  223  224
  223  224  224  223  223  222  221  220  219  218  216  215  213  212  210  209
  207  205  204  202  200  199  197  196  194  193  192  191  190  189  189  189
  188  188  188  188  189  189  189  190  191  192  193  194  195  196  197  198
  199  200  201  202  203  204  205  206  208
    82.5-180.0 180.0   5.0 450.0                            LAT/LON1/LON2/DLON/H
  211  212  213  215  216  218  220  221  223  225  227  228  229  230  232  232
  233  233  233  233  232  231  230  228  227  225  223  221  218  216  214  212
  210  207  205  203  200  198  196  194  192  190  189  188  187  186  185  185
  185  185  185  186  186  188  188  190  191  193  194  196  197  199  200  201
  202  203  204  205  206  207  208  209  211
    80.0-180.0 180.0   5.0 450.0                            LAT/LON1/LON2/DLON/H
  215  216  218  219  220  222  224  226  228  230  232  234  235  237  238  239
  240  240  240  240  239  238  237  235  233  231  228  225  223  220  218  216
  213  210  208  204  202  199  197  195  192  191  189  188  186  186  185  185
  185  185  186  187  189  191  192  194  196  198  200  202  203  205  206  208
  209  210  210  211  212  212  213  214  215
    77.5-180.0 180.0   5.0 450.0                            LAT/LON1/LON2/DLON/H
  222  223  224  225  226  227  228  229  231  233  235  238  239  242  243  244
  246  246  246  246  245  243  242  240  237  235  232  230  227  224  222  219
  216  214  211  208  206  203  201  198  195  193  191  189  188  188  188  187
  188  188  190  192  194  196  198  200  203  206  209  211  213  215  216  218
  218  219  220  220  220  220  221  222  222
    75.0-180.0 180.0   5.0 450.0                            LAT/LON1/LON2/DLON/H
  232  233  233  233  233  233  234  234  235  237  239  241  243  245  247  249
  250  250  250  249  248  247  245  243  240  238  235  233  230  227  225  223
  220  218  216  214  211  208  205  202  200  197  196  194  193  192  192  192
  193  195  196  198  200  203  205  208  211  215  218  221  224  225  227  229
  229  230  230  230  231  231  231  231  232
    72.5-180.0 180.0   5.0 450.0                            LAT/LON1/LON2/DLON/H
  244  244  244  244  242  241  241  240  240  241  243  244  246  248  250  251
  252  252  252  252  251  250  247  245  242  240  237  235  233  231  229  228
  226  224  222  219  216  213  210  207  205  202  200  199  199  198  198  198
  199  200  202  204  206  208  211  213  217  220  224  227  230  233  235  237
  239  240  241  241  241  242  243  244  244
    70.0-180.0 180.0   5.0 450.0                            LAT/LON1/LON2/DLON/H
  258  258  258  256  254  252  249  247  246  246  247  248  249  250  251  252
  252  252  252  253  252  251  249  247  244  241  238  237  235  234  233  233
  231  229  227  224  221  217  214  212  209  207  206  205  205  204  204  205
  205  206  207  208  210  211  213  215  218  222  225  229  232  236  238  241
  243  245  247  249  250  252  255  257  258
    67.5-180.0 180.0   5.0 450.0                            LAT/LON1/LON2/DLON/H
  271  272  272  271  267  263  259  256  253  251  251  251  252  252  252  252
  251  251  252  252  252  252  251  249  246  242  239  238  237  238  238  238
  237  236  232  229  225  221  217  214  213  211  211  211  211  210  211  210
  210  211  211  211  211  210  211  212  214  217  220  224  228  232  235  238
  242  245  248  252  256  260  264  268  271
    65.0-180.0 180.0   5.0 450.0                            LAT/LON1/LON2/DLON/H
  281  284  285  283  279  274  269  264  259  257  255  255  254  253  252  251
  250  250  250  251  252  252  252  250  247  244  240  238  239  240  242  243
  244  242  239  234  229  223  219  217  216  216  216  217  217  217  216  216
  215  214  212  211  208  206  204  203  204  206  209  212  216  220  224  228
  232  237  243  249  256  263  270  276  281
    62.5-180.0 180.0   5.0 450.0                            LAT/LON1/LON2/DLON/H
  286  292  293  292  289  283  277  271  265  261  259  258  256  254  252  250
  248  248  248  249  251  252  253  252  249  245  242  240  241  243  247  249
  250  249  245  239  233  227  222  220  220  221  224  224  224  223  222  220
  218  215  212  209  205  200  197  194  193  193  195  198  202  205  209  213
  218  224  231  239  249  259  270  279  286
    60.0-180.0 180.0   5.0 450.0                            LAT/LON1/LON2/DLON/H
  287  294  297  297  295  289  283  276  271  266  263  261  259  256  253  249
  247  246  246  246  248  250  252  252  250  247  244  243  244  248  252  256
  257  256  252  245  238  231  227  226  227  230  232  233  232  230  227  224
  220  216  212  207  201  195  189  185  182  182  183  185  187  190  193  196
  201  207  215  225  237  251  265  277  287
    57.5-180.0 180.0   5.0 450.0                            LAT/LON1/LON2/DLON/H
  283  291  297  298  296  292  287  280  274  269  266  264  261  258  254  250
  246  244  243  243  245  248  250  253  252  251  249  249  251  256  261  265
  266  265  260  253  246  240  236  236  239  241  243  243  241  237  232  227
  222  217  212  206  199  192  185  180  177  175  176  176  178  178  180  182
  185  191  200  211  224  240  256  271  283
    55.0-180.0 180.0   5.0 450.0                            LAT/LON1/LON2/DLON/H
  275  285  292  295  295  292  289  284  279  274  270  267  264  260  255  250
  246  243  241  241  242  244  248  252  254  255  256  258  261  266  271  275
  277  275  270  263  256  251  249  250  254  256  257  255  249  243  236  229
  223  218  213  207  200  193  186  180  177  175  175  174  174  173  173  173
  175  179  186  197  212  228  245  262  275
    52.5-180.0 180.0   5.0 450.0                            LAT/LON1/LON2/DLON/H
  267  278  286  290  293  292  291  288  284  280  276  272  268  263  257  252
  247  244  241  239  239  241  246  251  256  261  265  269  274  279  284  287
  288  286  280  274  268  265  266  268  272  274  272  266  258  248  239  231
  225  220  215  210  203  196  190  186  182  180  179  179  177  175  172  170
  170  172  179  189  203  220  237  253  267
    50.0-180.0 180.0   5.0 450.0                            LAT/LON1/LON2/DLON/H
  262  273  282  288  292  294  295  294  291  287  282  277  272  266  260  255
  251  248  244  241  240  241  246  253  260  269  276  282  289  294  298  301
  301  298  292  286  283  282  285  289  293  293  288  278  265  253  242  233
  228  224  219  214  209  202  196  192  189  188  188  186  184  180  177  174
  172  172  177  185  198  215  232  248  262
    47.5-180.0 180.0   5.0 450.0                            LAT/LON1/LON2/DLON/H
  259  271  281  288  294  298  300  301  300  296  291  283  276  270  265  261
  258  256  252  249  246  246  250  258  268  279  289  298  304  309  313  315
  315  311  305  301  299  301  306  311  314  311  303  289  273  258  246  238
  233  230  226  221  215  208  203  199  197  196  196  194  191  188  184  179
  177  176  178  186  198  214  230  246  259
    45.0-180.0 180.0   5.0 450.0                            LAT/LON1/LON2/DLON/H
  261  274  284  293  299  304  308  310  310  306  299  291  283  276  271  270
  269  268  266  263  260  259  262  270  281  294  305  315  321  325  329  331
  331  327  322  319  319  323  328  333  334  329  317  300  282  265  253  246
  242  239  235  229  223  216  210  206  204  203  203  201  199  196  192  187
  183  181  183  189  201  217  232  247  261
    42.5-180.0 180.0   5.0 450.0                            LAT/LON1/LON2/DLON/H
  265  279  291  301  308  314  318  320  320  317  310  302  294  287  283  283
  285  286  287  285  283  281  283  290  301  314  325  334  338  342  345  348
  349  346  342  340  342  346  352  355  354  346  331  313  293  276  264  257
  254  251  247  240  232  223  216  211  209  209  208  207  205  202  198  193
  189  187  188  194  205  220  235  250  265
    40.0-180.0 180.0   5.0 450.0                            LAT/LON1/LON2/DLON/H
  271  286  299  311  319  325  329  331  331  329  324  316  310  304  301  302
  306  310  313  314  313  311  312  318  327  338  348  354  357  360  364  369
  371  371  368  368  370  373  376  377  373  363  347  327  308  291  280  274
  271  267  261  253  242  232  224  219  217  216  215  214  212  209  205  199
  194  191  192  199  209  223  239  255  271
    37.5-180.0 180.0   5.0 450.0                            LAT/LON1/LON2/DLON/H
  276  293  308  321  330  335  339  342  344  342  340  336  331  328  327  329
  333  337  342  346  347  347  347  350  357  365  372  376  377  379  385  393
  399  401  401  401  402  403  402  399  392  380  364  345  326  311  299  293
  288  283  276  265  253  242  234  230  228  227  226  225  223  219  214  207
  200  196  196  201  211  225  241  259  276
    35.0-180.0 180.0   5.0 450.0                            LAT/LON1/LON2/DLON/H
  280  299  316  330  339  345  350  353  356  358  359  360  360  360  360  361
  363  367  373  378  383  384  384  385  387  392  396  397  398  401  409  420
  430  437  440  439  437  433  427  419  410  397  381  364  346  331  319  311
  304  297  288  276  264  254  248  245  245  244  244  243  240  235  227  217
  208  202  200  204  213  226  242  261  280
    32.5-180.0 180.0   5.0 450.0                            LAT/LON1/LON2/DLON/H
  282  303  321  335  346  353  359  365  370  375  380  387  392  397  398  397
  396  397  402  410  417  420  419  417  416  416  416  417  418  424  435  450
  465  475  480  478  472  462  450  437  425  411  397  380  363  348  334  323
  315  305  294  284  274  266  264  265  267  268  269  268  264  258  247  233
  220  210  206  208  215  227  242  262  282
    30.0-180.0 180.0   5.0 450.0                            LAT/LON1/LON2/DLON/H
  283  304  324  339  350  359  368  377  385  393  403  414  425  434  437  434
  429  427  430  439  448  452  451  446  439  435  433  434  438  447  462  481
  500  514  518  515  504  487  468  450  435  421  406  390  373  356  341  327
  315  304  294  285  279  277  281  287  293  296  298  298  294  285  271  252
  235  222  215  215  220  229  242  261  283
    27.5-180.0 180.0   5.0 450.0                            LAT/LON1/LON2/DLON/H
  281  303  323  339  351  363  376  388  400  410  424  440  456  468  473  467
  459  453  455  464  475  480  477  468  457  450  446  449  457  469  489  511
  533  547  551  545  528  504  478  455  437  421  405  388  370  352  335  319
  306  294  286  281  280  284  294  305  315  322  325  325  322  312  294  273
  252  235  226  224  225  231  242  259  281
    25.0-180.0 180.0   5.0 450.0                            LAT/LON1/LON2/DLON/H
  277  299  319  336  350  365  382  398  413  426  442  461  481  497  502  496
  485  477  477  486  497  501  495  482  469  459  456  462  473  491  513  537
  560  573  575  564  542  511  480  452  429  410  391  372  352  333  316  302
  288  279  274  272  277  287  301  316  329  337  342  345  342  331  312  289
  266  248  238  234  233  234  241  256  277
    22.5-180.0 180.0   5.0 450.0                            LAT/LON1/LON2/DLON/H
  270  292  313  330  347  365  384  404  421  437  455  475  498  516  524  518
  506  497  496  504  514  515  506  491  474  465  463  473  489  510  534  559
  578  589  588  572  545  509  472  439  411  387  365  343  324  306  291  279
  269  263  260  263  271  282  299  316  330  340  345  349  348  339  319  295
  273  256  246  242  239  235  238  251  270
    20.0-180.0 180.0   5.0 450.0                            LAT/LON1/LON2/DLON/H
  261  282  302  321  340  360  382  403  423  441  460  482  506  526  536  532
  522  514  514  520  527  524  511  492  476  468  470  484  503  526  550  572
  587  593  587  567  536  498  458  419  387  358  332  311  293  279  267  259
  253  249  251  255  262  274  287  303  317  326  331  337  338  330  311  289
  270  256  248  243  239  232  231  242  261
    17.5-180.0 180.0   5.0 450.0                            LAT/LON1/LON2/DLON/H
  247  268  290  310  331  352  374  395  417  437  458  480  505  527  539  539
  532  527  529  534  536  529  511  491  477  472  479  496  518  540  560  577
  586  586  574  552  520  480  439  399  363  330  303  282  268  258  251  247
  245  244  247  251  256  262  271  283  295  301  306  311  315  308  291  271
  255  246  240  236  230  222  219  228  247
    15.0-180.0 180.0   5.0 450.0                            LAT/LON1/LON2/DLON/H
  229  251  275  298  321  342  362  382  403  424  447  471  497  520  535  539
  538  538  542  545  544  531  511  491  479  479  490  509  531  550  565  574
  576  568  552  530  500  463  424  384  346  312  286  269  259  254  251  249
  248  248  250  252  252  252  256  263  270  273  274  280  285  280  263  244
  233  228  225  220  213  204  202  210  229
    12.5-180.0 180.0   5.0 450.0                            LAT/LON1/LON2/DLON/H
  208  233  260  287  312  333  350  367  386  408  433  457  483  507  525  535
  540  546  552  554  548  533  511  493  486  491  506  526  544  557  565  565
  558  543  527  508  484  453  418  381  345  313  290  277  272  268  265  260
  258  256  256  255  252  246  245  248  250  248  246  250  255  251  234  216
  207  205  202  197  189  181  179  188  208
    10.0-180.0 180.0   5.0 450.0                            LAT/LON1/LON2/DLON/H
  187  215  245  276  304  326  340  354  372  393  418  443  468  491  512  527
  539  550  558  560  552  535  513  500  500  510  526  544  556  561  560  552
  537  520  504  491  476  453  426  395  363  335  316  307  302  296  287  278
  270  266  263  259  253  247  243  243  241  233  226  228  233  229  211  192
  182  179  176  169  161  155  155  166  187
     7.5-180.0 180.0   5.0 450.0                            LAT/LON1/LON2/DLON/H
  167  198  233  269  300  323  337  349  364  385  409  434  457  478  498  518
  535  549  560  562  554  538  520  513  519  534  550  563  566  562  553  538
  520  503  492  486  480  468  449  424  395  371  355  347  340  328  311  293
  280  271  265  260  254  250  249  247  240  226  216  215  221  217  198  177
  164  157  151  143  135  130  132  144  167
     5.0-180.0 180.0   5.0 450.0                            LAT/LON1/LON2/DLON/H
  151  184  223  264  299  325  342  354  367  386  409  433  452  469  489  510
  531  547  557  561  554  540  528  527  541  559  573  579  573  560  543  527
  510  497  491  493  497  493  480  459  432  409  394  386  374  354  327  299
  279  267  260  254  252  254  256  253  243  225  210  209  215  212  192  169
  151  140  130  121  114  111  114  127  151
     2.5-180.0 180.0   5.0 450.0                            LAT/LON1/LON2/DLON/H
  140  176  217  261  301  331  351  365  378  397  421  442  457  469  485  506
  526  542  552  556  553  543  536  542  561  581  591  589  574  553  533  519
  508  501  502  510  517  517  507  486  459  437  421  409  391  362  326  291
  266  253  245  241  242  250  257  255  242  223  207  205  212  210  191  166
  144  128  115  105  100   99  103  116  140
