data/corinthe/IONEX/igsg1620.15i
     1.0            IONOSPHERE MAPS     MIX                 IONEX VERSION / TYPE
cmpcmb v1.2          GRL/UWM            29-jun-15 23:00     PGM / RUN BY / DATE 
ionex file containing IGS COMBINED Ionosphere maps          COMMENT             
global ionosphere maps for day 162, 2015                    DESCRIPTION         
IONEX file containing the COMBINED IGS TEC MAPS and DCBs    DESCRIPTION         
      IONEX files of the following IAACs were combined: cod DESCRIPTION         
                                                        jpl DESCRIPTION         
Contact address: Andrzej Krankowski                         DESCRIPTION
                 Geodynamics Research Laboratory            DESCRIPTION
                 University of Warmia and Mazury (GRL/UWM)  DESCRIPTION
                 Oczapowski St. 1                           DESCRIPTION
                 10-957-Olsztyn, POLAND                     DESCRIPTION
                 e-mail:  kand@uwm.edu.pl                   DESCRIPTION
                                                            DESCRIPTION         
  2015     6    11     0     0     0                        EPOCH OF FIRST MAP  
  2015     6    12     0     0     0                        EPOCH OF LAST MAP   
  7200                                                      INTERVAL            
    13                                                      # OF MAPS IN FILE   
  COSZ                                                      MAPPING FUNCTION    
     0.0                                                    ELEVATION CUTOFF    
combined TEC calculated as weighted mean of input TEC valuesOBSERVABLES USED    
   316                                                      # OF STATIONS       
    32                                                      # OF SATELLITES     
  6371.0                                                    BASE RADIUS         
     2                                                      MAP DIMENSION       
   450.0 450.0   0.0                                        HGT1 / HGT2 / DHGT  
    87.5 -87.5  -2.5                                        LAT1 / LAT2 / DLAT  
  -180.0 180.0   5.0                                        LON1 / LON2 / DLON  
    -1                                                      EXPONENT            
TEC values in 0.1 tec units;  9999, if no value available   COMMENT             
DCB values in nanoseconds, reference is Sum_of_SatDCBs = 0  COMMENT             
                                                            END OF HEADER       
[from data line 3003]
     8                                                      START OF TEC MAP    
  2015     6    11    14     0     0                        EPOCH OF CURRENT MAP
    87.5-180.0 180.0   5.0 450.0                            LAT/LON1/LON2/DLON/H
  208  209  210  211  211  213  213  215  215  216  217  218  218  219  220  221
  221  222  222  222  222  222  222  221  220  220  220  219  219  218  217  216
  216  215  214  213  212  212  211  210  209  208  208  207  206  206  205  205
  204  204  203  203  203  203  202  202  202  202  202  202  202  202  202  203
  203  204  204  205  205  206  207  207  208
    85.0-180.0 180.0   5.0 450.0                            LAT/LON1/LON2/DLON/H
  200  203  204  206  208  210  212  214  216  218  220  222  223  224  225  227
  227  228  229  229  229  229  229  228  228  227  226  225  224  222  221  219
  218  216  215  213  211  210  208  207  206  204  204  203  202  202  201  200
  200  200  199  199  199  198  198  197  197  196  196  195  195  195  194  194
  195  195  195  196  196  197  198  200  200
    82.5-180.0 180.0   5.0 450.0                            LAT/LON1/LON2/DLON/H
  191  193  196  198  200  204  206  210  212  215  218  221  223  225  227  228
  229  230  231  232  232  231  231  231  230  229  228  227  226  224  222  220
  218  216  214  211  209  207  205  203  202  201  200  200  200  200  200  200
  200  200  200  200  199  199  199  198  197  196  194  193  192  190  189  188
  187  186  186  186  187  187  188  190  191
    80.0-180.0 180.0   5.0 450.0                            LAT/LON1/LON2/DLON/H
  181  182  185  188  191  194  198  201  205  209  212  215  218  220  222  224
  225  226  227  227  227  228  228  228  228  227  227  227  226  225  223  221
  219  216  213  210  207  205  203  201  199  198  198  199  199  200  201  202
  203  204  205  206  205  205  204  203  201  199  197  194  192  190  187  184
  182  180  179  178  178  178  178  179  181
    77.5-180.0 180.0   5.0 450.0                            LAT/LON1/LON2/DLON/H
  171  172  175  178  181  184  188  192  195  199  203  206  209  212  214  215
  217  218  218  218  218  219  219  220  221  222  222  223  224  224  223  222
  220  217  214  211  207  204  201  199  198  197  198  199  202  204  206  209
  210  212  213  214  214  214  213  211  209  206  203  200  196  191  187  184
  179  176  174  172  171  170  169  170  171
    75.0-180.0 180.0   5.0 450.0                            LAT/LON1/LON2/DLON/H
  165  166  168  170  173  176  179  182  186  190  194  197  200  202  204  205
  206  206  206  207  207  206  207  209  210  213  215  218  220  222  223  223
  222  219  216  212  209  204  201  199  198  199  200  202  205  209  212  215
  218  220  221  222  222  222  221  219  218  214  210  206  201  195  190  185
  180  176  172  170  168  166  165  165  165
    72.5-180.0 180.0   5.0 450.0                            LAT/LON1/LON2/DLON/H
  164  165  166  167  169  171  174  177  180  183  186  189  192  194  195  196
  196  195  195  194  194  194  195  197  199  203  208  213  217  221  224  225
  225  223  219  215  210  206  202  200  200  201  204  207  211  215  218  222
  224  225  227  227  227  227  226  225  223  220  217  212  207  200  195  189
  183  178  174  171  168  166  165  165  164
    70.0-180.0 180.0   5.0 450.0                            LAT/LON1/LON2/DLON/H
  167  167  167  168  169  171  173  176  178  180  183  185  187  189  189  189
  188  188  187  186  185  185  186  188  192  197  203  209  216  221  225  228
  228  226  222  217  212  208  205  202  203  205  208  213  217  221  224  225
  227  228  228  228  228  228  228  227  227  225  222  218  212  206  200  194
  188  183  179  175  172  170  168  167  167
    67.5-180.0 180.0   5.0 450.0                            LAT/LON1/LON2/DLON/H
  171  171  172  173  175  177  178  179  180  182  183  185  186  187  187  186
  185  184  183  182  181  181  181  184  188  195  202  209  217  223  228  231
  230  228  224  218  213  208  205  205  206  210  214  218  223  226  227  228
  227  226  225  225  225  226  227  228  228  227  225  222  218  212  206  200
  194  188  184  180  176  174  173  171  171
    65.0-180.0 180.0   5.0 450.0                            LAT/LON1/LON2/DLON/H
  174  175  177  179  181  184  185  186  186  186  187  187  187  187  187  186
  185  184  184  182  182  182  183  186  191  197  205  213  221  227  231  233
  232  229  224  217  212  208  207  207  210  215  220  225  229  230  230  229
  226  223  222  221  222  223  226  228  230  230  229  227  223  219  213  207
  200  194  189  184  180  177  175  174  174
    62.5-180.0 180.0   5.0 450.0                            LAT/LON1/LON2/DLON/H
  174  176  179  183  187  189  192  193  193  193  192  191  191  190  189  188
  187  187  186  186  186  186  188  192  197  204  212  220  227  232  235  236
  233  229  223  217  211  208  207  209  214  219  225  231  233  234  232  229
  225  222  219  219  221  224  228  231  234  235  234  233  229  225  219  212
  205  199  192  186  180  176  174  173  174
    60.0-180.0 180.0   5.0 450.0                            LAT/LON1/LON2/DLON/H
  169  172  177  183  188  192  195  197  198  197  196  195  193  191  190  190
  190  190  190  191  191  192  195  199  206  214  223  230  235  239  239  238
  234  229  222  215  211  208  208  212  218  224  230  236  238  237  235  231
  227  224  223  224  227  231  236  240  243  244  243  241  237  232  225  218
  210  201  193  185  178  172  168  168  169
    57.5-180.0 180.0   5.0 450.0                            LAT/LON1/LON2/DLON/H
  160  163  169  176  183  189  194  196  197  198  198  196  195  193  192  191
  192  193  194  195  195  197  200  207  216  225  234  240  244  245  244  240
  235  228  222  216  212  210  212  216  222  229  235  240  242  242  240  237
  234  232  232  235  239  244  250  254  257  257  254  250  245  238  230  221
  212  201  191  181  172  165  160  158  160
    55.0-180.0 180.0   5.0 450.0                            LAT/LON1/LON2/DLON/H
  148  151  157  164  172  180  186  190  193  195  196  196  195  193  193  194
  195  196  197  197  198  199  204  213  224  236  245  251  253  252  248  243
  237  230  224  219  217  217  218  222  228  234  240  244  247  247  247  246
  245  246  249  252  257  262  268  272  273  271  267  260  251  242  232  221
  210  199  187  176  165  157  151  148  148
    52.5-180.0 180.0   5.0 450.0                            LAT/LON1/LON2/DLON/H
  138  140  144  150  158  166  173  179  184  188  192  193  194  194  195  197
  199  201  202  202  201  202  207  217  231  245  255  260  260  257  251  245
  238  232  228  225  225  226  228  231  235  240  245  249  252  254  255  258
  261  265  269  274  278  283  287  290  290  286  278  268  255  243  230  218
  206  194  183  171  160  150  143  139  138
    50.0-180.0 180.0   5.0 450.0                            LAT/LON1/LON2/DLON/H
  130  130  133  137  144  152  159  166  173  179  186  191  194  196  199  203
  206  210  211  209  206  206  211  223  239  254  264  269  266  261  253  246
  240  235  234  234  236  239  240  242  245  248  252  256  259  261  266  271
  277  284  290  295  297  300  302  303  302  296  286  273  258  242  227  213
  201  190  179  169  157  148  140  134  130
    47.5-180.0 180.0   5.0 450.0                            LAT/LON1/LON2/DLON/H
  128  125  125  128  133  140  147  154  162  171  181  189  195  201  206  212
  219  224  226  223  218  216  220  231  248  263  273  276  271  264  255  246
  241  240  241  245  250  254  256  257  258  260  262  265  267  270  276  284
  294  303  309  312  312  311  310  310  307  301  290  276  259  241  224  209
  198  188  178  169  159  151  142  134  128
    45.0-180.0 180.0   5.0 450.0                            LAT/LON1/LON2/DLON/H
  132  126  122  123  127  133  139  146  154  165  178  190  199  207  217  227
  237  245  248  244  238  233  235  246  261  275  283  282  275  265  255  247
  243  244  249  258  266  272  275  275  274  275  276  277  278  282  288  297
  308  318  323  324  319  314  310  307  305  299  290  276  259  241  224  209
  198  189  182  174  166  158  150  140  132
    42.5-180.0 180.0   5.0 450.0                            LAT/LON1/LON2/DLON/H
  141  131  125  124  127  131  136  142  151  163  178  191  204  216  229  243
  259  270  277  273  265  258  258  267  280  291  294  290  280  267  256  248
  246  249  258  270  283  292  296  296  296  296  295  295  294  295  301  310
  321  331  335  331  322  313  305  299  296  292  287  277  262  245  228  214
  204  195  189  182  177  170  163  152  141
    40.0-180.0 180.0   5.0 450.0                            LAT/LON1/LON2/DLON/H
  154  141  132  129  131  135  138  143  151  164  179  195  210  225  241  261
  281  298  307  305  296  288  288  294  304  310  308  299  286  271  260  253
  252  258  270  285  301  313  319  321  321  322  320  318  314  313  317  325
  335  343  344  338  325  311  299  290  287  286  285  280  269  254  239  226
  215  207  200  196  191  187  179  168  154
    37.5-180.0 180.0   5.0 450.0                            LAT/LON1/LON2/DLON/H
  170  154  143  138  138  141  143  147  154  167  183  200  216  233  252  275
  300  322  335  335  327  320  320  324  330  331  324  311  294  279  267  262
  263  271  285  303  321  335  344  348  351  352  350  346  340  336  338  344
  352  358  358  350  335  317  299  288  283  285  288  288  280  269  255  243
  231  222  215  210  208  204  197  186  170
    35.0-180.0 180.0   5.0 450.0                            LAT/LON1/LON2/DLON/H
  188  170  156  149  147  148  149  151  158  170  186  203  220  239  260  286
  315  340  356  359  353  349  349  353  356  353  342  325  307  291  281  277
  281  290  306  325  344  361  372  378  384  386  385  380  371  365  364  369
  376  382  382  374  357  335  313  296  289  292  298  300  297  288  276  263
  250  239  230  224  222  221  215  204  188
    32.5-180.0 180.0   5.0 450.0                            LAT/LON1/LON2/DLON/H
  204  186  170  160  156  155  154  155  161  172  188  205  222  242  265  293
  323  350  368  373  371  370  373  377  379  373  360  341  323  308  300  300
  306  317  332  352  373  390  403  411  419  424  423  416  406  398  396  401
  409  417  418  411  393  368  340  318  308  309  314  317  315  309  298  285
  270  255  244  236  234  234  230  220  204
    30.0-180.0 180.0   5.0 450.0                            LAT/LON1/LON2/DLON/H
  219  201  184  172  165  161  157  157  162  172  188  206  224  244  268  295
  325  353  371  378  380  383  389  395  397  390  377  359  342  330  325  328
  336  348  365  385  405  422  434  445  454  461  461  453  443  436  434  441
  451  460  465  460  443  413  378  349  335  332  333  334  332  328  318  304
  287  269  255  245  243  243  241  233  219
    27.5-180.0 180.0   5.0 450.0                            LAT/LON1/LON2/DLON/H
  229  213  196  183  174  166  161  159  162  172  187  206  226  247  270  297
  325  350  368  376  381  388  397  406  409  405  394  379  364  355  354  360
  371  386  403  422  441  456  467  478  489  497  496  489  480  474  476  485
  497  509  516  512  494  459  417  381  361  354  350  347  344  340  333  317
  299  279  263  251  247  247  247  241  229
    25.0-180.0 180.0   5.0 450.0                            LAT/LON1/LON2/DLON/H
  235  221  206  193  182  172  164  160  162  171  187  207  229  251  274  298
  323  346  362  371  379  389  401  412  417  416  409  398  387  382  385  395
  410  426  443  461  477  489  498  508  519  528  528  521  514  513  518  530
  543  554  559  554  533  493  444  404  380  369  359  351  346  343  336  323
  304  284  266  253  248  247  248  244  235
    22.5-180.0 180.0   5.0 450.0                            LAT/LON1/LON2/DLON/H
  237  225  212  200  188  178  169  164  163  171  187  208  233  257  280  302
  323  342  356  366  376  388  402  414  421  425  423  418  412  411  417  431
  448  466  482  498  510  519  525  533  546  555  555  549  545  546  555  568
  580  587  586  576  550  504  453  410  385  372  358  345  337  334  329  317
  300  282  265  253  246  244  244  243  237
    20.0-180.0 180.0   5.0 450.0                            LAT/LON1/LON2/DLON/H
  234  225  214  203  192  182  174  168  167  173  187  209  236  262  286  306
  324  341  354  365  375  388  401  413  425  433  436  437  436  439  449  466
  484  502  517  530  539  544  547  554  568  577  577  572  569  574  584  596
  603  601  591  571  537  489  437  397  375  362  348  332  321  316  310  301
  288  274  259  248  243  240  240  238  234
    17.5-180.0 180.0   5.0 450.0                            LAT/LON1/LON2/DLON/H
  227  219  211  203  194  186  179  174  173  176  189  210  238  266  291  311
  327  342  355  367  378  390  401  414  428  440  450  456  460  467  479  497
  515  531  545  555  561  561  563  570  584  595  595  590  588  593  603  611
  609  596  573  542  501  453  406  373  358  347  332  314  299  291  285  279
  271  260  251  243  238  235  234  232  227
    15.0-180.0 180.0   5.0 450.0                            LAT/LON1/LON2/DLON/H
  217  210  204  197  192  185  182  180  179  179  189  209  237  267  293  312
  329  344  358  370  381  393  403  416  432  450  463  474  484  493  506  522
  538  552  563  571  574  573  574  583  597  609  608  602  600  604  610  611
  600  576  542  501  456  411  374  352  343  336  320  298  279  268  262  257
  253  246  240  236  234  232  228  223  217
    12.5-180.0 180.0   5.0 450.0                            LAT/LON1/LON2/DLON/H
  206  198  192  188  184  182  181  182  181  180  186  204  231  262  290  312
  331  346  362  375  386  395  406  420  438  459  477  493  505  516  529  541
  554  564  573  579  581  581  582  590  607  619  618  611  605  606  607  602
  584  552  511  465  418  379  353  341  339  334  316  290  267  252  245  242
  238  234  230  229  229  227  222  214  206
    10.0-180.0 180.0   5.0 450.0                            LAT/LON1/LON2/DLON/H
  194  185  179  175  173  173  175  178  178  176  180  194  221  253  284  309
  331  348  365  378  389  399  409  425  447  470  491  509  524  537  547  554
  561  569  575  580  582  583  585  596  612  623  622  613  605  602  599  590
  568  533  491  446  403  372  356  352  353  346  324  290  263  248  240  237
  232  227  223  224  226  224  216  205  194
     7.5-180.0 180.0   5.0 450.0                            LAT/LON1/LON2/DLON/H
  183  173  165  161  159  160  164  167  169  167  168  182  208  242  276  305
  329  349  366  379  390  400  414  434  457  481  504  524  541  554  561  563
  564  567  571  575  579  581  585  595  610  620  619  610  600  594  588  578
  557  527  491  452  417  393  383  382  381  369  337  297  267  253  248  242
  235  226  220  220  222  219  209  196  183
     5.0-180.0 180.0   5.0 450.0                            LAT/LON1/LON2/DLON/H
  175  164  154  147  144  145  148  152  152  151  153  166  192  228  265  299
  327  349  367  379  389  401  419  442  467  492  514  536  554  566  570  567
  561  559  561  566  571  576  580  589  601  608  607  598  589  581  575  568
  554  533  508  479  452  432  422  417  410  390  350  304  273  263  260  253
  242  228  218  217  219  214  203  188  175
     2.5-180.0 180.0   5.0 450.0                            LAT/LON1/LON2/DLON/H
  170  159  148  138  133  131  132  133  133  132  135  150  177  214  256  293
  324  349  366  377  387  402  425  451  477  500  522  544  562  572  573  564
  553  547  547  551  558  563  567  573  581  586  584  577  569  562  559  557
  553  543  529  510  489  470  455  441  426  398  352  303  275  270  269  262
  247  230  217  214  214  209  197  183  170
