data/corinthe/IONEX/igsg1660.15i
     1.0            IONOSPHERE MAPS     MIX                 IONEX VERSION / TYPE
cmpcmb v1.2          GRL/UWM             7-jul-15 17:09     PGM / RUN BY / DATE 
ionex file containing IGS COMBINED Ionosphere maps          COMMENT             
global ionosphere maps for day 166, 2015                    DESCRIPTION         
IONEX file containing the COMBINED IGS TEC MAPS and DCBs    DESCRIPTION         
      IONEX files of the following IAACs were combined: cod DESCRIPTION         
                                                        jpl DESCRIPTION         
Contact address: Andrzej Krankowski                         DESCRIPTION
                 Geodynamics Research Laboratory            DESCRIPTION
                 University of Warmia and Mazury (GRL/UWM)  DESCRIPTION
                 Oczapowski St. 1                           DESCRIPTION
                 10-957-Olsztyn, POLAND                     DESCRIPTION
                 e-mail:  kand@uwm.edu.pl                   DESCRIPTION
                                                            DESCRIPTION         
  2015     6    15     0     0     0                        EPOCH OF FIRST MAP  
  2015     6    16     0     0     0                        EPOCH OF LAST MAP   
  7200                                                      INTERVAL            
    13                                                      # OF MAPS IN FILE   
  COSZ                                                      MAPPING FUNCTION    
     0.0                                                    ELEVATION CUTOFF    
combined TEC calculated as weighted mean of input TEC valuesOBSERVABLES USED    
   316                                                      # OF STATIONS       
    32                                                      # OF SATELLITES     
  6371.0                                                    BASE RADIUS         
     2                                                      MAP DIMENSION       
   450.0 450.0   0.0                                        HGT1 / HGT2 / DHGT  
    87.5 -87.5  -2.5                                        LAT1 / LAT2 / DLAT  
  -180.0 180.0   5.0                                        LON1 / LON2 / DLON  
    -1                                                      EXPONENT            
TEC values in 0.1 tec units;  9999, if no value available   COMMENT             
DCB values in nanoseconds, reference is Sum_of_SatDCBs = 0  COMMENT             
                                                            END OF HEADER       
[from data line 1716]
     5                                                      START OF TEC MAP    
  2015     6    15     8     0     0                        EPOCH OF CURRENT MAP
    87.5-180.0 180.0   5.0 450.0                            LAT/LON1/LON2/DLON/H
  200  200  200  200  200  200  200  200  200  200  199  199  199  199  198  198
  198  197  197  197  197  196  196  196  196  196  196  196  196  196  195  196
  196  196  196  196  196  196  197  197  197  197  197  197  197  197  197  197
  198  198  198  198  198  198  198  199  199  199  199  199  199  199  200  200
  200  200  200  200  200  200  200  200  200
    85.0-180.0 180.0   5.0 450.0                            LAT/LON1/LON2/DLON/H
  198  198  199  198  198  199  198  198  197  197  197  196  195  195  194  193
  193  192  192  191  190  190  189  189  189  188  188  189  188  189  189  189
  190  190  191  191  192  192  192  193  194  194  194  194  194  195  195  195
  196  196  196  197  197  197  197  197  197  198  198  197  198  198  197  198
  198  197  198  198  198  198  198  198  198
    82.5-180.0 180.0   5.0 450.0                            LAT/LON1/LON2/DLON/H
  195  195  195  195  195  195  195  194  194  193  192  191  190  189  188  186
  185  184  182  181  180  180  179  179  178  178  178  178  179  180  181  181
  183  184  185  186  187  189  190  190  191  192  193  193  193  194  195  195
  195  196  196  197  197  197  197  197  197  197  197  197  196  196  195  195
  195  195  194  195  194  194  194  195  195
    80.0-180.0 180.0   5.0 450.0                            LAT/LON1/LON2/DLON/H
  191  191  191  191  191  190  190  189  188  187  186  184  183  181  179  177
  175  173  172  170  169  168  166  166  166  166  166  167  168  170  171  173
  175  178  180  182  184  186  188  190  191  193  194  195  196  196  196  197
  198  198  199  199  199  199  199  199  199  199  199  198  197  196  195  195
  194  193  192  192  191  191  191  191  191
    77.5-180.0 180.0   5.0 450.0                            LAT/LON1/LON2/DLON/H
  188  188  187  187  187  186  185  184  182  181  179  177  175  172  170  168
  165  163  161  159  157  155  155  153  153  153  154  155  157  159  162  165
  168  172  175  178  182  185  188  191  193  195  197  198  200  200  202  202
  202  203  203  204  204  204  205  204  204  203  203  202  201  200  198  196
  195  193  192  191  190  190  189  188  188
    75.0-180.0 180.0   5.0 450.0                            LAT/LON1/LON2/DLON/H
  187  186  185  184  182  181  180  178  177  174  172  170  168  165  162  160
  157  155  153  150  148  146  144  143  142  142  143  145  147  150  154  158
  162  167  171  176  180  184  188  192  195  198  201  204  206  207  208  209
  209  209  209  210  210  210  210  210  210  210  209  208  207  206  204  202
  200  197  196  194  192  191  189  188  187
    72.5-180.0 180.0   5.0 450.0                            LAT/LON1/LON2/DLON/H
  187  185  182  181  178  176  175  173  171  169  167  164  162  159  157  155
  152  150  148  145  143  140  138  135  134  133  134  136  139  143  148  154
  160  165  170  175  180  185  189  194  198  203  206  210  213  215  215  216
  216  216  216  215  214  214  214  214  214  214  214  214  214  212  211  209
  206  204  201  199  196  194  192  189  187
    70.0-180.0 180.0   5.0 450.0                            LAT/LON1/LON2/DLON/H
  189  185  181  177  174  171  169  167  166  164  162  160  158  156  154  152
  150  148  146  143  141  137  134  131  129  127  127  129  133  138  145  152
  159  165  171  176  181  186  191  196  201  207  212  216  220  222  223  223
  222  221  219  217  216  215  214  214  215  216  217  218  219  218  217  215
  213  210  208  205  202  199  196  193  189
    67.5-180.0 180.0   5.0 450.0                            LAT/LON1/LON2/DLON/H
  191  185  179  174  169  165  162  161  160  159  158  157  156  155  154  152
  150  148  147  144  141  138  134  129  125  124  123  125  129  136  143  152
  159  167  173  178  183  188  193  199  205  210  216  222  226  229  230  230
  228  225  222  219  216  213  212  212  213  214  217  219  221  222  222  221
  219  216  214  211  208  205  201  196  191
    65.0-180.0 180.0   5.0 450.0                            LAT/LON1/LON2/DLON/H
  194  186  178  170  164  159  156  154  154  153  154  155  154  154  153  152
  151  150  148  146  143  139  134  129  125  122  121  123  128  135  143  153
  162  170  176  182  186  191  196  201  208  214  221  227  232  236  237  236
  233  229  224  219  215  211  208  207  208  210  213  217  221  223  224  223
  222  220  217  216  213  210  206  201  194
    62.5-180.0 180.0   5.0 450.0                            LAT/LON1/LON2/DLON/H
  199  189  179  169  161  154  150  147  147  148  149  151  152  152  152  152
  151  150  148  146  143  139  135  130  125  122  121  123  129  136  146  155
  165  174  180  186  191  196  200  206  212  219  226  233  239  243  244  243
  239  234  228  222  215  210  206  204  204  205  209  213  218  221  222  222
  221  220  219  218  217  215  212  206  199
    60.0-180.0 180.0   5.0 450.0                            LAT/LON1/LON2/DLON/H
  206  196  184  172  161  152  146  142  141  142  144  145  147  149  149  149
  148  147  145  143  140  137  133  129  125  123  124  127  132  141  150  160
  169  178  186  192  197  202  208  213  219  226  233  240  246  250  252  251
  248  242  236  228  221  214  209  205  203  203  206  210  215  218  219  219
  218  217  218  219  220  220  219  214  206
    57.5-180.0 180.0   5.0 450.0                            LAT/LON1/LON2/DLON/H
  218  207  195  181  167  155  145  139  136  135  136  139  141  143  143  143
  142  141  139  136  134  132  129  126  125  125  127  132  139  147  157  167
  176  184  192  199  206  212  219  224  229  235  241  248  255  260  262  262
  259  254  248  241  233  226  218  212  208  206  207  210  213  215  216  215
  214  214  216  219  223  226  227  225  218
    55.0-180.0 180.0   5.0 450.0                            LAT/LON1/LON2/DLON/H
  232  223  210  195  179  163  149  139  133  130  130  132  133  135  136  136
  135  132  129  127  124  123  122  122  124  127  132  139  147  156  165  174
  184  192  200  209  218  226  233  238  243  247  252  259  265  270  273  274
  273  270  265  260  253  244  235  226  219  214  212  213  214  215  214  212
  210  210  213  219  226  232  237  237  232
    52.5-180.0 180.0   5.0 450.0                            LAT/LON1/LON2/DLON/H
  249  242  229  214  196  176  158  143  133  127  124  124  126  127  128  127
  125  123  119  116  114  113  114  117  122  129  137  146  156  166  175  184
  191  200  210  220  231  242  250  256  260  262  265  270  276  281  286  288
  289  289  287  283  277  268  257  245  235  228  223  220  219  218  216  212
  210  209  213  220  230  240  248  251  249
    50.0-180.0 180.0   5.0 450.0                            LAT/LON1/LON2/DLON/H
  265  259  249  233  214  192  170  151  137  126  121  120  120  121  121  120
  118  115  110  107  104  104  107  112  119  130  141  153  164  175  184  192
  199  208  219  232  246  259  269  275  278  278  280  283  289  294  299  303
  306  308  309  308  303  293  281  266  255  245  237  232  229  226  222  217
  213  212  216  224  235  248  258  264  265
    47.5-180.0 180.0   5.0 450.0                            LAT/LON1/LON2/DLON/H
  276  272  264  249  230  207  183  161  143  130  122  118  117  117  116  115
  113  110  106  102   99   99  102  109  118  131  145  158  171  182  190  198
  206  215  228  244  261  276  288  294  295  295  295  298  303  308  313  319
  323  328  331  332  327  317  303  288  274  263  254  247  242  238  233  227
  223  220  223  230  242  255  267  274  276
    45.0-180.0 180.0   5.0 450.0                            LAT/LON1/LON2/DLON/H
  281  278  271  258  240  218  194  171  151  137  126  121  118  117  116  114
  113  111  107  102   99   99  102  109  119  132  146  161  174  185  194  202
  210  220  235  253  273  290  303  309  311  310  311  314  319  324  329  335
  341  347  351  352  347  336  321  306  292  281  272  266  261  256  250  244
  237  234  235  240  249  262  272  279  281
    42.5-180.0 180.0   5.0 450.0                            LAT/LON1/LON2/DLON/H
  280  277  269  257  242  223  201  180  160  145  135  128  124  121  118  117
  116  116  113  108  105  104  106  112  121  133  147  161  175  187  196  204
  212  224  240  260  281  300  314  321  323  324  326  330  336  342  347  352
  359  365  370  369  363  352  336  321  309  300  293  287  283  278  273  267
  259  253  250  252  259  267  275  280  280
    40.0-180.0 180.0   5.0 450.0                            LAT/LON1/LON2/DLON/H
  274  268  259  249  237  221  203  185  168  155  145  139  134  129  125  122
  123  123  122  118  114  113  114  119  125  135  147  161  174  186  196  204
  214  226  244  264  287  307  321  329  332  334  339  347  354  360  366  372
  380  385  389  387  379  367  351  338  327  321  316  312  309  305  300  294
  285  277  271  267  267  271  275  276  274
    37.5-180.0 180.0   5.0 450.0                            LAT/LON1/LON2/DLON/H
  264  256  247  236  225  215  201  188  175  164  158  152  147  140  134  131
  131  132  132  129  125  123  124  127  132  140  149  161  173  185  196  205
  216  229  246  267  289  310  324  333  338  343  351  361  371  379  387  395
  403  410  413  410  401  387  372  359  351  347  344  341  338  334  329  323
  314  303  293  283  277  274  273  270  264
    35.0-180.0 180.0   5.0 450.0                            LAT/LON1/LON2/DLON/H
  257  247  235  224  215  206  197  187  179  173  170  167  162  154  145  140
  139  141  142  140  136  133  134  136  141  146  154  163  174  186  197  208
  218  231  248  269  291  311  327  336  343  351  361  374  386  398  409  420
  431  439  443  441  432  418  402  390  383  379  377  374  370  365  360  354
  344  331  317  302  290  280  273  266  257
    32.5-180.0 180.0   5.0 450.0                            LAT/LON1/LON2/DLON/H
  256  243  230  217  208  201  193  187  181  180  181  182  179  169  158  150
  148  149  149  147  144  141  142  146  151  155  161  168  178  188  200  211
  222  235  251  271  293  313  329  339  348  357  370  385  401  416  431  447
  462  474  482  482  475  462  446  433  424  419  415  410  404  397  390  383
  372  358  342  323  306  291  279  267  256
    30.0-180.0 180.0   5.0 450.0                            LAT/LON1/LON2/DLON/H
  265  251  236  222  210  203  195  188  184  186  192  197  196  186  173  163
  157  156  155  152  148  147  150  156  162  167  170  175  183  192  203  214
  226  239  254  274  296  317  333  345  354  365  379  396  415  434  455  476
  496  514  528  534  531  518  501  485  472  463  456  448  438  428  419  410
  400  386  368  348  328  309  292  278  265
    27.5-180.0 180.0   5.0 450.0                            LAT/LON1/LON2/DLON/H
  285  271  255  239  226  216  205  195  190  194  203  212  212  204  191  178
  169  164  160  155  151  149  155  165  173  178  180  183  187  195  206  218
  230  243  259  279  301  322  340  351  362  373  389  408  430  454  479  504
  530  554  574  587  588  577  557  538  521  508  496  485  473  459  446  436
  426  413  396  376  356  335  315  299  285
    25.0-180.0 180.0   5.0 450.0                            LAT/LON1/LON2/DLON/H
  317  304  288  270  254  240  225  210  202  205  216  226  230  223  210  195
  183  173  165  158  152  151  159  172  183  188  188  187  188  194  206  219
  233  246  263  283  307  329  347  360  371  384  401  422  448  475  503  530
  559  587  612  630  635  626  606  583  563  546  532  518  503  488  473  461
  451  439  425  408  387  366  346  329  317
    22.5-180.0 180.0   5.0 450.0                            LAT/LON1/LON2/DLON/H
  354  344  329  310  293  276  257  235  222  222  231  242  247  243  231  216
  200  185  172  161  153  152  162  178  191  195  193  187  185  190  202  218
  233  248  266  287  312  336  356  370  383  398  416  439  466  496  523  549
  577  606  632  653  661  654  635  613  592  574  559  546  531  514  498  486
  476  466  454  439  420  399  379  362  354
    20.0-180.0 180.0   5.0 450.0                            LAT/LON1/LON2/DLON/H
  387  383  372  355  338  320  297  270  251  245  251  259  264  262  252  236
  218  198  179  164  154  153  164  181  194  197  191  181  176  181  195  213
  231  248  267  291  317  343  364  381  397  414  434  458  486  515  539  559
  582  606  629  647  657  653  639  621  604  589  577  565  553  538  523  511
  500  490  480  467  450  429  408  393  387
    17.5-180.0 180.0   5.0 450.0                            LAT/LON1/LON2/DLON/H
  412  414  408  395  381  365  341  311  286  275  273  277  280  278  270  254
  233  210  186  167  155  154  165  182  194  193  183  170  163  169  185  206
  226  246  268  293  321  348  372  392  410  430  451  476  504  529  547  559
  573  588  603  617  626  627  622  612  603  593  586  579  571  558  545  533
  522  511  501  488  472  451  428  414  412
    15.0-180.0 180.0   5.0 450.0                            LAT/LON1/LON2/DLON/H
  425  432  432  426  417  405  382  352  323  305  296  293  292  289  282  266
  244  218  191  169  156  154  165  180  189  185  171  156  149  154  173  197
  221  244  268  295  324  353  378  401  422  443  467  492  516  536  546  550
  553  558  564  574  582  589  594  596  595  593  591  589  583  573  562  551
  539  527  515  502  485  463  439  425  425
    12.5-180.0 180.0   5.0 450.0                            LAT/LON1/LON2/DLON/H
  426  436  445  445  442  435  415  386  356  334  317  307  300  294  285  270
  248  220  192  169  155  154  162  175  180  173  158  141  133  141  162  189
  216  241  268  297  326  356  383  407  429  452  476  500  521  535  540  537
  532  529  529  534  541  554  569  583  590  595  596  596  591  584  574  562
  549  535  522  507  489  466  441  425  426
    10.0-180.0 180.0   5.0 450.0                            LAT/LON1/LON2/DLON/H
  421  432  447  456  458  453  436  409  381  356  334  316  302  292  281  265
  243  215  188  166  153  152  157  166  169  160  143  127  120  129  152  182
  211  239  268  298  328  358  385  409  431  454  477  500  518  529  530  525
  518  513  511  513  521  538  561  583  597  603  605  603  596  586  577  566
  552  535  520  505  487  464  439  421  421
     7.5-180.0 180.0   5.0 450.0                            LAT/LON1/LON2/DLON/H
  416  430  449  462  466  460  445  421  395  368  343  318  299  284  270  253
  230  205  180  160  149  147  150  154  154  145  130  115  110  120  144  175
  207  237  268  299  330  359  383  405  425  446  469  491  508  518  521  520
  519  519  522  526  533  550  576  601  616  620  617  608  595  582  571  559
  544  527  511  496  480  460  437  419  416
     5.0-180.0 180.0   5.0 450.0                            LAT/LON1/LON2/DLON/H
  420  433  455  470  473  463  445  423  399  373  345  316  291  272  256  237
  214  191  169  152  143  140  139  140  139  131  118  106  103  114  138  170
  203  234  266  297  328  355  377  396  412  431  452  474  491  505  514  525
  536  549  560  567  572  586  609  631  641  639  627  609  587  569  556  543
  527  509  494  482  471  457  438  423  420
     2.5-180.0 180.0   5.0 450.0                            LAT/LON1/LON2/DLON/H
  433  447  469  484  481  465  443  420  397  370  341  310  281  259  240  220
  197  175  157  144  136  131  127  125  122  117  108   99   98  110  133  165
  198  230  261  293  322  347  366  380  393  409  428  449  470  490  511  535
  564  591  612  622  624  632  648  663  666  653  631  601  571  547  532  520
  504  486  471  463  459  453  444  434  433
