data/corinthe/IONEX/igsg1690.15i
     1.0            IONOSPHERE MAPS     MIX                 IONEX VERSION / TYPE
cmpcmb v1.2          GRL/UWM             7-jul-15 17:22     PGM / RUN BY / DATE 
ionex file containing IGS COMBINED Ionosphere maps          COMMENT             
global ionosphere maps for day 169, 2015                    DESCRIPTION         
IONEX file containing the COMBINED IGS TEC MAPS and DCBs    DESCRIPTION         
      IONEX files of the following IAACs were combined: cod DESCRIPTION         
                                                        jpl DESCRIPTION         
Contact address: Andrzej Krankowski                         DESCRIPTION
                 Geodynamics Research Laboratory            DESCRIPTION
                 University of Warmia and Mazury (GRL/UWM)  DESCRIPTION
                 Oczapowski St. 1                           DESCRIPTION
                 10-957-Olsztyn, POLAND                     DESCRIPTION
                 e-mail:  kand@uwm.edu.pl                   DESCRIPTION
                                                            DESCRIPTION         
  2015     6    18     0     0     0                        EPOCH OF FIRST MAP  
  2015     6    19     0     0     0                        EPOCH OF LAST MAP   
  7200                                                      INTERVAL            
    13                                                      # OF MAPS IN FILE   
  COSZ                                                      MAPPING FUNCTION    
     0.0                                                    ELEVATION CUTOFF    
combined TEC calculated as weighted mean of input TEC valuesOBSERVABLES USED    
   318                                                      # OF STATIONS       
    32                                                      # OF SATELLITES     
  6371.0                                                    BASE RADIUS         
     2                                                      MAP DIMENSION       
   450.0 450.0   0.0                                        HGT1 / HGT2 / DHGT  
    87.5 -87.5  -2.5                                        LAT1 / LAT2 / DLAT  
  -180.0 180.0   5.0                                        LON1 / LON2 / DLON  
    -1                                                      EXPONENT            
TEC values in 0.1 tec units;  9999, if no value available   COMMENT             
DCB values in nanoseconds, reference is Sum_of_SatDCBs = 0  COMMENT             
                                                            END OF HEADER       
[from data line 4290]
    11                                                      START OF TEC MAP    
  2015     6    18    20     0     0                        EPOCH OF CURRENT MAP
    87.5-180.0 180.0   5.0 450.0                            LAT/LON1/LON2/DLON/H
  174  174  175  175  175  176  176  176  176  175  175  175  175  175  175  175
  174  174  173  173  172  172  172  171  171  170  169  169  168  168  167  167
  167  166  166  165  165  165  164  164  164  164  164  164  164  164  164  164
  165  165  166  166  166  167  167  167  168  168  169  169  170  170  171  171
  171  172  172  172  173  173  174  174  174
    85.0-180.0 180.0   5.0 450.0                            LAT/LON1/LON2/DLON/H
  174  174  175  176  176  177  177  178  178  178  178  178  178  177  177  177
  177  176  175  174  174  172  171  171  169  168  167  165  164  164  162  161
  161  160  159  158  157  157  156  156  156  156  156  156  157  157  157  158
  159  159  160  161  162  162  163  164  165  166  167  167  168  169  169  169
  170  171  171  171  172  172  173  174  174
    82.5-180.0 180.0   5.0 450.0                            LAT/LON1/LON2/DLON/H
  170  171  172  173  174  175  176  177  178  178  179  179  179  179  179  178
  178  177  176  175  174  172  171  169  167  165  163  162  161  159  158  156
  155  153  153  151  150  150  149  149  148  148  148  148  149  150  151  152
  153  154  155  156  158  159  161  161  163  164  165  165  165  166  167  167
  167  167  167  168  168  168  169  170  170
    80.0-180.0 180.0   5.0 450.0                            LAT/LON1/LON2/DLON/H
  164  165  167  168  169  171  173  174  176  178  179  180  181  181  180  180
  179  178  177  175  174  172  170  167  165  163  161  158  156  154  153  151
  150  149  148  146  145  144  143  142  142  142  142  142  142  144  145  147
  148  150  152  154  156  157  159  161  162  162  163  163  164  163  163  163
  163  163  163  163  162  162  162  163  164
    77.5-180.0 180.0   5.0 450.0                            LAT/LON1/LON2/DLON/H
  158  160  161  163  166  169  171  174  176  179  180  182  183  183  183  182
  182  180  178  176  174  171  168  166  163  161  158  155  153  151  149  148
  146  145  144  143  142  141  140  139  138  138  138  138  139  140  142  143
  146  149  151  153  155  157  159  161  161  162  162  162  162  161  161  160
  159  158  157  157  156  156  156  157  158
    75.0-180.0 180.0   5.0 450.0                            LAT/LON1/LON2/DLON/H
  155  157  159  161  164  167  170  174  178  182  184  186  188  188  188  187
  185  183  180  177  174  171  168  166  162  159  156  153  151  149  147  146
  146  145  144  143  142  141  139  138  138  137  137  137  138  140  142  143
  146  148  151  153  156  158  160  161  162  163  163  162  162  160  159  158
  157  155  154  153  153  153  154  154  155
    72.5-180.0 180.0   5.0 450.0                            LAT/LON1/LON2/DLON/H
  157  158  160  162  165  169  173  177  182  187  191  194  196  196  194  192
  189  186  183  180  177  174  170  167  163  159  156  153  150  149  148  148
  147  147  146  145  145  143  142  141  139  139  139  139  140  142  144  146
  148  150  153  155  157  158  160  160  161  162  162  161  161  160  159  158
  156  155  154  153  154  154  155  156  157
    70.0-180.0 180.0   5.0 450.0                            LAT/LON1/LON2/DLON/H
  164  165  166  168  170  173  177  183  189  195  200  203  205  204  202  199
  195  191  188  185  182  178  175  170  166  162  158  155  153  152  152  152
  152  152  152  151  150  148  147  145  144  144  143  144  145  147  149  150
  152  153  154  154  155  156  156  157  158  159  160  161  161  161  161  160
  159  158  158  158  159  160  162  163  164
    67.5-180.0 180.0   5.0 450.0                            LAT/LON1/LON2/DLON/H
  176  177  177  177  178  180  185  190  197  204  210  214  215  214  211  206
  200  196  193  190  188  184  180  176  172  168  163  160  159  158  159  159
  160  161  160  160  158  156  154  153  151  150  152  152  153  154  156  156
  155  155  154  153  151  150  150  150  152  154  156  159  161  163  164  165
  165  165  165  166  168  170  172  175  176
    65.0-180.0 180.0   5.0 450.0                            LAT/LON1/LON2/DLON/H
  190  191  190  189  189  189  192  197  204  212  219  224  225  223  218  212
  207  202  200  197  195  192  189  185  181  176  172  169  167  167  168  170
  171  172  171  170  168  165  163  161  160  161  162  163  164  164  164  163
  160  157  152  148  144  141  139  139  141  145  150  156  161  166  169  171
  173  174  175  177  180  183  186  188  190
    62.5-180.0 180.0   5.0 450.0                            LAT/LON1/LON2/DLON/H
  205  206  205  202  199  198  200  203  210  219  227  232  233  231  226  220
  214  209  206  204  203  201  199  195  191  187  183  180  179  179  181  183
  185  185  185  182  180  176  174  172  171  172  174  175  176  175  173  169
  164  157  150  143  136  130  127  126  129  135  143  151  160  168  174  178
  182  184  186  188  191  195  199  203  205
    60.0-180.0 180.0   5.0 450.0                            LAT/LON1/LON2/DLON/H
  219  220  219  216  211  208  207  209  215  224  232  238  239  237  232  226
  220  215  212  211  210  210  208  206  203  199  195  193  191  192  195  198
  201  201  200  196  192  188  185  184  184  186  187  188  188  186  182  175
  167  158  147  137  128  119  115  114  117  125  135  147  158  169  177  183
  189  192  195  198  201  205  210  215  219
    57.5-180.0 180.0   5.0 450.0                            LAT/LON1/LON2/DLON/H
  229  232  232  229  223  218  215  216  220  228  235  241  243  242  238  232
  226  222  218  217  216  216  216  216  214  211  208  206  205  207  209  214
  217  217  216  211  206  202  199  197  198  200  200  202  200  195  188  179
  169  157  145  133  122  113  107  106  109  118  129  142  156  167  178  187
  193  198  201  204  208  212  218  224  229
    55.0-180.0 180.0   5.0 450.0                            LAT/LON1/LON2/DLON/H
  237  242  244  242  236  230  225  224  226  232  238  243  246  246  243  238
  233  227  223  221  221  222  223  224  223  222  220  218  218  219  223  228
  233  234  231  226  220  215  212  211  212  213  213  212  208  202  192  181
  169  156  144  132  121  112  106  103  106  114  126  138  152  165  177  186
  194  200  205  209  213  217  222  229  237
    52.5-180.0 180.0   5.0 450.0                            LAT/LON1/LON2/DLON/H
  242  249  253  253  249  243  238  234  235  237  241  245  248  248  247  244
  239  233  228  224  224  225  228  230  232  232  231  229  229  232  236  242
  247  249  246  241  234  229  226  225  225  225  224  220  214  204  193  180
  167  155  144  134  125  116  110  107  108  114  124  136  148  160  172  183
  193  201  207  211  216  220  225  233  242
    50.0-180.0 180.0   5.0 450.0                            LAT/LON1/LON2/DLON/H
  244  254  261  263  261  256  251  247  245  246  247  249  250  251  252  249
  244  238  232  228  226  228  232  236  239  241  240  240  240  243  248  254
  260  262  259  255  248  243  240  237  236  234  231  225  216  204  190  176
  164  154  146  139  132  125  119  115  114  118  125  134  144  155  167  178
  190  200  208  214  219  223  228  235  244
    47.5-180.0 180.0   5.0 450.0                            LAT/LON1/LON2/DLON/H
  245  255  265  270  270  268  263  260  258  255  254  253  253  254  255  254
  250  244  237  231  230  231  236  242  247  250  250  251  251  255  260  266
  272  275  273  268  263  257  252  249  245  240  234  225  214  201  187  173
  162  154  150  146  141  136  130  125  123  124  128  135  142  151  163  176
  189  202  211  219  224  228  231  237  245
    45.0-180.0 180.0   5.0 450.0                            LAT/LON1/LON2/DLON/H
  246  255  266  273  276  275  273  271  269  266  263  259  257  257  258  259
  256  250  243  237  235  238  244  251  257  260  262  262  264  267  272  278
  284  287  286  282  276  270  265  259  252  244  234  223  211  197  183  170
  161  156  154  154  152  148  142  135  131  130  132  136  143  151  162  176
  190  205  217  226  232  234  236  239  246
    42.5-180.0 180.0   5.0 450.0                            LAT/LON1/LON2/DLON/H
  246  254  264  272  276  277  278  278  278  276  272  267  263  261  262  264
  262  257  251  245  244  248  255  263  270  273  276  277  278  281  285  292
  297  300  300  296  291  284  277  268  258  246  233  221  209  196  182  171
  163  161  161  163  162  157  151  143  138  136  137  140  145  153  165  179
  195  211  225  235  241  243  242  242  246
    40.0-180.0 180.0   5.0 450.0                            LAT/LON1/LON2/DLON/H
  244  250  259  267  272  274  277  280  283  284  281  276  270  268  268  270
  270  266  261  257  257  262  269  278  285  290  292  293  295  297  301  307
  312  316  316  311  305  296  287  275  262  247  232  220  209  198  186  175
  169  168  169  171  170  165  157  149  142  140  141  144  150  158  170  185
  202  219  233  244  250  251  247  243  244
    37.5-180.0 180.0   5.0 450.0                            LAT/LON1/LON2/DLON/H
  243  247  254  260  264  268  273  278  285  290  292  288  282  279  279  280
  280  277  274  272  275  279  288  296  304  309  312  313  314  316  320  325
  330  333  332  326  317  307  295  280  264  247  232  221  211  202  193  183
  178  176  178  179  176  169  160  150  144  142  144  149  155  164  176  192
  209  226  240  251  256  255  251  245  243
    35.0-180.0 180.0   5.0 450.0                            LAT/LON1/LON2/DLON/H
  243  245  249  253  257  261  267  276  287  298  304  303  298  294  294  294
  295  292  291  291  294  300  308  317  326  332  335  336  336  338  341  345
  350  351  348  339  327  313  298  282  264  245  231  222  216  210  201  191
  186  185  185  185  180  171  160  149  143  142  145  151  159  168  182  198
  215  231  243  253  258  258  253  247  243
    32.5-180.0 180.0   5.0 450.0                            LAT/LON1/LON2/DLON/H
  243  244  246  249  252  256  263  275  290  307  319  322  318  315  314  314
  314  311  311  312  316  322  330  340  350  357  360  361  360  361  362  366
  369  367  361  348  331  313  296  278  260  242  230  224  220  215  207  198
  192  190  190  187  181  170  157  146  140  140  144  151  160  170  184  199
  215  230  242  251  256  256  253  247  243
    30.0-180.0 180.0   5.0 450.0                            LAT/LON1/LON2/DLON/H
  246  245  246  248  251  255  264  278  298  320  338  345  344  340  339  339
  338  336  335  336  339  345  352  363  375  384  388  387  385  384  383  385
  385  380  368  350  327  306  287  269  252  238  227  223  221  217  209  200
  194  191  189  186  178  166  153  142  136  136  141  149  158  168  181  197
  213  226  236  245  252  254  253  249  246
    27.5-180.0 180.0   5.0 450.0                            LAT/LON1/LON2/DLON/H
  250  250  250  252  255  261  271  287  311  337  360  372  373  371  370  369
  368  364  362  362  363  367  374  386  401  412  415  413  409  405  403  401
  398  387  369  344  317  293  273  257  243  230  222  219  218  213  205  196
  190  187  184  180  172  159  147  136  131  133  138  145  153  162  175  190
  205  218  228  238  246  252  253  251  250
    25.0-180.0 180.0   5.0 450.0                            LAT/LON1/LON2/DLON/H
  257  258  259  261  264  270  282  301  327  359  387  401  404  404  404  404
  401  397  393  389  387  388  395  410  428  439  442  437  430  424  419  414
  405  389  364  332  302  275  257  243  231  222  216  213  211  205  195  186
  181  178  175  171  163  151  139  131  127  129  133  140  146  153  165  180
  195  209  221  232  242  250  255  256  257
    22.5-180.0 180.0   5.0 450.0                            LAT/LON1/LON2/DLON/H
  266  269  272  274  277  284  296  316  346  381  412  430  435  437  440  441
  439  433  425  417  411  409  416  434  454  466  466  459  449  439  431  422
  408  385  354  319  285  260  242  231  223  216  211  207  202  192  182  173
  169  167  164  159  151  141  131  125  123  125  130  134  138  143  153  168
  184  200  215  229  241  253  259  263  266
    20.0-180.0 180.0   5.0 450.0                            LAT/LON1/LON2/DLON/H
  277  282  287  290  293  298  310  331  363  400  434  454  462  468  473  477
  475  468  457  443  432  429  437  458  480  492  489  477  463  450  440  426
  406  379  343  306  273  249  233  224  219  214  209  203  193  182  170  162
  158  156  153  148  139  130  123  120  120  121  126  128  129  132  140  156
  174  193  211  229  244  257  266  272  277
    17.5-180.0 180.0   5.0 450.0                            LAT/LON1/LON2/DLON/H
  289  296  303  308  310  313  323  343  374  413  449  470  481  490  500  507
  507  500  486  468  453  447  457  481  504  514  508  491  474  459  445  427
  402  370  334  298  269  247  233  225  220  216  210  202  189  174  162  154
  151  148  144  137  128  120  116  115  116  119  122  122  120  121  128  143
  164  186  210  231  249  263  274  281  289
    15.0-180.0 180.0   5.0 450.0                            LAT/LON1/LON2/DLON/H
  299  310  320  327  328  328  334  352  381  418  453  476  490  503  517  528
  530  524  508  488  469  462  474  499  523  530  521  502  482  464  446  424
  395  362  328  297  274  255  241  233  228  222  216  204  190  174  160  152
  148  144  137  128  118  111  108  110  114  117  118  116  113  111  116  131
  154  180  208  233  254  269  281  290  299
    12.5-180.0 180.0   5.0 450.0                            LAT/LON1/LON2/DLON/H
  307  321  335  344  346  344  346  358  383  416  448  471  486  502  521  535
  542  538  523  501  482  473  485  511  534  540  529  508  486  466  445  419
  387  355  325  302  284  269  256  247  240  233  223  210  194  177  164  155
  149  143  134  123  111  105  104  107  112  115  115  111  105  102  106  121
  144  173  203  232  255  272  284  295  307
    10.0-180.0 180.0   5.0 450.0                            LAT/LON1/LON2/DLON/H
  311  329  348  361  365  362  360  367  385  413  439  459  474  491  512  531
  540  539  526  507  487  479  490  514  536  541  528  508  486  466  442  412
  378  347  323  308  297  286  273  262  253  244  231  216  200  183  170  161
  153  145  133  119  107  100  101  105  111  113  111  105   99   95   99  111
  133  162  194  226  251  270  284  296  311
     7.5-180.0 180.0   5.0 450.0                            LAT/LON1/LON2/DLON/H
  313  335  358  377  386  385  381  381  393  412  431  445  458  475  496  515
  527  529  520  504  487  479  487  508  528  533  523  504  484  462  436  402
  366  338  320  311  306  298  287  276  264  250  235  218  202  187  175  165
  157  145  131  116  104   98   98  103  109  110  106  100   94   90   92  103
  122  149  181  213  241  262  278  294  313
     5.0-180.0 180.0   5.0 450.0                            LAT/LON1/LON2/DLON/H
  311  336  364  390  406  411  407  404  408  420  430  437  444  458  477  495
  508  511  506  495  481  472  478  494  512  519  513  498  479  456  427  390
  353  325  311  307  306  302  292  281  267  250  232  213  198  186  175  166
  156  144  129  114  102   97   97  101  105  105  100   94   89   86   88   96
  112  134  163  196  225  250  270  288  311
     2.5-180.0 180.0   5.0 450.0                            LAT/LON1/LON2/DLON/H
  306  334  367  398  424  437  437  432  432  437  440  438  438  446  461  476
  486  491  489  481  469  462  464  476  493  503  501  489  471  447  414  374
  336  308  295  293  295  294  286  274  258  239  218  200  186  177  169  160
  150  137  123  109   99   94   94   96   98   97   91   86   84   84   86   93
  103  119  145  175  208  236  260  282  306
