data/corinthe/IONEX/igsg1630.15i
     1.0            IONOSPHERE MAPS     MIX                 IONEX VERSION / TYPE
cmpcmb v1.2          GRL/UWM            29-jun-15 23:04     PGM / RUN BY / DATE 
ionex file containing IGS COMBINED Ionosphere maps          COMMENT             
global ionosphere maps for day 163, 2015                    DESCRIPTION         
IONEX file containing the COMBINED IGS TEC MAPS and DCBs    DESCRIPTION         
      IONEX files of the following IAACs were combined: cod DESCRIPTION         
                                                        jpl DESCRIPTION         
Contact address: Andrzej Krankowski                         DESCRIPTION
                 Geodynamics Research Laboratory            DESCRIPTION
                 University of Warmia and Mazury (GRL/UWM)  DESCRIPTION
                 Oczapowski St. 1                           DESCRIPTION
                 10-957-Olsztyn, POLAND                     DESCRIPTION
                 e-mail:  kand@uwm.edu.pl                   DESCRIPTION
                                                            DESCRIPTION         
  2015     6    12     0     0     0                        EPOCH OF FIRST MAP  
  2015     6    13     0     0     0                        EPOCH OF LAST MAP   
  7200                                                      INTERVAL            
    13                                                      # OF MAPS IN FILE   
  COSZ                                                      MAPPING FUNCTION    
     0.0                                                    ELEVATION CUTOFF    
combined TEC calculated as weighted mean of input TEC valuesOBSERVABLES USED    
   309                                                      # OF STATIONS       
    32                                                      # OF SATELLITES     
  6371.0                                                    BASE RADIUS         
     2                                                      MAP DIMENSION       
   450.0 450.0   0.0                                        HGT1 / HGT2 / DHGT  
    87.5 -87.5  -2.5                                        LAT1 / LAT2 / DLAT  
  -180.0 180.0   5.0                                        LON1 / LON2 / DLON  
    -1                                                      EXPONENT            
TEC values in 0.1 tec units;  9999, if no value available   COMMENT             
DCB values in nanoseconds, reference is Sum_of_SatDCBs = 0  COMMENT             
                                                            END OF HEADER       
     1                                                      START OF TEC MAP    
  2015     6    12     0     0     0                        EPOCH OF CURRENT MAP
    87.5-180.0 180.0   5.0 450.0                            LAT/LON1/LON2/DLON/H
  189  189  190  190  190  190  190  190  190  190  189  189  189  188  187  186
  186  185  183  182  181  180  178  177  176  174  173  172  171  169  168  167
  166  165  164  164  163  163  163  163  163  163  163  164  164  165  165  166
  167  168  169  170  171  172  173  175  176  177  178  179  180  181  182  183
  184  184  185  186  187  187  188  188  189
    85.0-180.0 180.0   5.0 450.0                            LAT/LON1/LON2/DLON/H
  201  202  202  203  204  204  205  205  205  205  204  204  204  202  201  200
  198  197  195  193  190  188  185  183  180  177  174  172  169  166  164  161
  160  158  156  155  155  154  154  154  154  155  156  157  158  160  161  163
  165  167  169  171  173  175  177  179  180  182  184  186  187  189  190  192
  193  194  195  196  197  198  200  200  201
    82.5-180.0 180.0   5.0 450.0                            LAT/LON1/LON2/DLON/H
  210  211  212  213  214  215  216  216  217  217  217  217  217  217  215  214
  212  210  207  205  201  198  194  191  186  182  178  174  170  167  163  160
  157  155  153  152  150  150  150  151  152  153  155  157  159  162  164  167
  169  172  175  177  180  182  184  187  188  191  192  194  195  197  198  200
  201  202  203  204  205  206  208  209  210
    80.0-180.0 180.0   5.0 450.0                            LAT/LON1/LON2/DLON/H
  214  215  217  218  220  221  223  224  225  226  227  228  228  227  227  225
  223  221  218  215  211  207  202  198  193  188  183  178  173  169  165  162
  159  156  155  153  153  153  153  154  156  158  160  163  166  169  173  176
  179  182  185  187  189  192  193  195  197  198  199  201  202  204  205  206
  207  208  209  210  210  212  212  213  214
    77.5-180.0 180.0   5.0 450.0                            LAT/LON1/LON2/DLON/H
  215  216  218  219  221  223  226  228  230  232  234  235  235  235  235  233
  231  229  225  222  218  213  208  203  197  192  187  182  177  172  169  166
  163  161  160  160  160  160  162  163  165  167  170  173  177  180  184  187
  190  193  195  197  199  200  201  202  203  204  204  205  206  207  208  209
  210  210  211  211  212  213  213  214  215
    75.0-180.0 180.0   5.0 450.0                            LAT/LON1/LON2/DLON/H
  212  213  215  217  219  222  226  229  232  235  237  239  240  240  239  238
  236  233  230  226  221  216  210  205  198  193  188  183  178  175  172  170
  170  169  169  170  170  172  173  175  177  179  182  185  188  191  195  198
  201  203  205  206  206  206  206  206  206  205  206  206  206  207  207  209
  209  210  210  211  211  211  211  212  212
    72.5-180.0 180.0   5.0 450.0                            LAT/LON1/LON2/DLON/H
  208  209  210  212  215  218  223  227  231  236  239  242  243  244  243  242
  239  236  232  227  222  216  210  204  198  192  186  182  178  176  175  175
  176  177  179  180  182  182  184  185  187  189  191  193  196  200  203  206
  208  210  211  211  210  209  208  207  206  205  204  204  205  205  206  207
  209  209  209  209  209  208  208  208  208
    70.0-180.0 180.0   5.0 450.0                            LAT/LON1/LON2/DLON/H
  204  203  204  206  209  213  219  225  230  236  240  244  246  246  246  245
  242  238  234  229  223  217  210  203  196  189  184  180  177  176  177  179
  181  184  187  189  190  191  191  192  193  193  195  197  200  202  206  209
  211  213  213  213  211  209  207  205  203  202  202  202  202  203  205  207
  208  209  209  209  208  207  206  204  204
    67.5-180.0 180.0   5.0 450.0                            LAT/LON1/LON2/DLON/H
  201  200  199  200  203  208  214  221  229  235  241  245  248  250  250  249
  246  242  238  232  226  219  212  204  196  188  182  178  176  176  178  182
  185  189  192  193  194  194  194  193  193  192  193  195  197  200  203  206
  209  211  211  211  209  207  205  203  201  200  199  200  201  203  206  208
  211  212  212  212  211  209  205  203  201
    65.0-180.0 180.0   5.0 450.0                            LAT/LON1/LON2/DLON/H
  202  199  197  197  198  203  209  217  226  234  241  246  250  253  254  253
  251  248  243  238  232  225  217  208  198  190  183  179  177  177  180  184
  188  191  193  193  192  191  189  188  187  186  186  188  190  193  196  200
  203  206  207  207  206  205  204  203  201  200  199  199  202  205  209  213
  217  219  219  219  217  214  210  206  202
    62.5-180.0 180.0   5.0 450.0                            LAT/LON1/LON2/DLON/H
  208  203  199  196  196  199  205  213  222  231  239  246  252  256  258  258
  257  255  251  246  241  234  226  216  206  197  189  184  182  182  184  187
  190  190  190  188  186  183  181  179  177  177  177  178  180  183  187  191
  195  198  201  202  203  203  204  204  204  204  203  204  206  210  215  221
  226  229  230  230  227  224  219  213  208
    60.0-180.0 180.0   5.0 450.0                            LAT/LON1/LON2/DLON/H
  219  212  206  201  199  199  203  209  219  228  237  245  251  257  260  262
  263  262  259  255  250  244  237  228  218  209  200  195  191  190  191  192
  191  189  185  180  176  173  171  169  168  168  168  168  171  173  177  181
  185  190  194  198  200  204  206  209  210  210  210  211  214  219  225  232
  237  242  244  243  241  238  232  226  219
    57.5-180.0 180.0   5.0 450.0                            LAT/LON1/LON2/DLON/H
  236  227  219  212  207  204  205  210  217  225  234  242  249  256  261  264
  267  267  266  263  260  256  250  242  234  225  216  209  205  203  201  198
  194  187  179  172  167  164  163  162  161  160  160  161  162  164  167  171
  176  182  189  194  200  206  211  215  218  220  221  223  225  230  237  244
  250  255  257  258  256  253  249  243  236
    55.0-180.0 180.0   5.0 450.0                            LAT/LON1/LON2/DLON/H
  254  247  238  229  221  215  213  215  220  225  232  239  247  253  260  265
  269  271  271  270  268  266  263  258  251  243  235  227  221  217  213  206
  197  186  174  165  160  158  159  159  159  158  157  156  155  156  159  163
  169  176  185  193  201  209  216  223  228  232  235  237  240  244  250  257
  263  268  271  272  271  269  265  260  254
    52.5-180.0 180.0   5.0 450.0                            LAT/LON1/LON2/DLON/H
  274  268  260  250  241  234  229  228  228  231  235  240  245  251  258  265
  270  273  274  274  274  274  274  273  269  262  254  245  238  231  223  212
  199  184  170  160  156  157  160  162  162  160  157  155  152  152  153  156
  163  172  183  193  204  214  223  232  240  246  251  254  257  260  264  270
  275  280  283  284  284  283  282  279  274
    50.0-180.0 180.0   5.0 450.0                            LAT/LON1/LON2/DLON/H
  294  289  283  275  265  256  250  246  244  243  243  244  247  251  258  265
  271  275  276  276  277  279  283  285  283  278  269  260  250  241  230  215
  199  182  167  158  156  160  165  169  169  166  162  157  153  150  150  153
  159  170  182  195  208  220  231  242  252  260  268  272  275  277  280  284
  288  292  294  296  296  296  296  295  294
    47.5-180.0 180.0   5.0 450.0                            LAT/LON1/LON2/DLON/H
  310  308  304  298  290  283  276  271  267  263  258  255  254  256  260  267
  273  277  278  278  280  284  289  294  294  289  280  269  257  244  231  214
  196  178  164  157  158  166  174  179  179  175  170  164  158  153  150  151
  157  168  182  197  212  226  239  251  264  275  284  291  294  296  297  299
  303  306  308  309  309  309  309  310  310
    45.0-180.0 180.0   5.0 450.0                            LAT/LON1/LON2/DLON/H
  324  325  322  319  313  308  303  298  293  287  279  272  267  266  268  272
  278  281  282  281  282  286  292  299  300  295  284  271  257  241  226  208
  190  174  162  159  164  175  186  191  192  188  182  175  168  160  154  152
  157  168  183  200  217  233  247  261  275  289  300  308  313  314  314  316
  318  321  324  324  323  322  322  323  324
    42.5-180.0 180.0   5.0 450.0                            LAT/LON1/LON2/DLON/H
  337  337  336  335  332  330  327  325  321  314  305  295  287  282  281  282
  286  288  288  286  286  289  294  300  301  295  284  268  251  235  217  201
  185  172  164  165  173  186  198  205  206  203  198  191  183  172  162  157
  159  169  184  203  221  239  255  271  287  302  315  324  329  331  331  333
  336  340  342  342  339  337  336  336  337
    40.0-180.0 180.0   5.0 450.0                            LAT/LON1/LON2/DLON/H
  349  349  349  349  348  349  349  350  349  343  333  322  311  303  298  297
  297  297  296  293  291  292  296  300  300  294  281  263  244  226  209  195
  183  175  172  177  187  200  212  219  221  220  217  212  203  190  176  166
  165  171  186  205  226  245  263  280  297  313  327  337  343  345  347  350
  354  359  361  362  359  355  351  350  349
    37.5-180.0 180.0   5.0 450.0                            LAT/LON1/LON2/DLON/H
  361  360  359  359  360  362  366  371  373  371  363  352  340  329  321  315
  311  309  306  303  299  298  299  301  300  293  279  260  239  221  205  193
  186  184  187  194  204  216  226  234  238  240  240  237  228  212  194  179
  172  176  188  207  229  249  269  287  305  322  337  347  354  357  360  364
  370  376  381  382  379  373  368  364  361
    35.0-180.0 180.0   5.0 450.0                            LAT/LON1/LON2/DLON/H
  375  372  369  368  369  374  382  390  396  398  393  383  372  360  347  336
  327  322  319  316  311  307  305  305  303  295  281  262  240  221  206  198
  197  200  207  214  222  231  240  248  255  261  265  264  254  236  213  194
  184  182  191  208  229  251  271  290  309  327  343  353  360  365  370  375
  383  390  397  400  398  391  384  378  375
    32.5-180.0 180.0   5.0 450.0                            LAT/LON1/LON2/DLON/H
  389  385  381  379  380  386  396  408  419  423  422  415  405  392  376  359
  345  338  334  331  325  319  314  313  311  303  290  270  247  227  214  208
  211  218  226  232  238  245  252  261  270  281  289  288  278  258  232  209
  194  189  194  208  228  249  269  289  309  328  344  355  363  369  376  382
  391  400  409  414  414  408  400  393  389
    30.0-180.0 180.0   5.0 450.0                            LAT/LON1/LON2/DLON/H
  404  400  395  391  393  401  415  430  443  450  450  445  438  425  407  385
  366  355  352  349  343  335  330  326  323  316  302  282  258  237  223  219
  224  233  241  245  247  251  259  269  283  296  306  307  295  273  246  221
  203  194  195  206  223  243  263  284  305  324  341  354  363  370  378  386
  395  406  416  423  426  422  415  408  404
    27.5-180.0 180.0   5.0 450.0                            LAT/LON1/LON2/DLON/H
  420  417  411  408  411  421  437  455  470  478  478  475  470  458  438  413
  388  374  370  369  363  354  347  343  337  329  315  294  269  245  230  225
  230  239  245  245  246  249  258  271  286  302  313  312  300  277  249  225
  208  198  196  202  216  233  254  276  298  319  337  350  361  369  378  388
  398  408  420  430  435  434  428  423  420
    25.0-180.0 180.0   5.0 450.0                            LAT/LON1/LON2/DLON/H
  435  433  429  427  433  446  466  486  502  507  506  504  501  491  471  442
  413  396  391  389  383  373  365  358  350  339  323  300  274  248  230  224
  227  233  235  234  233  237  246  261  279  295  305  303  289  267  242  222
  207  198  193  196  207  223  244  266  290  312  332  347  358  368  379  390
  400  411  423  435  443  444  441  437  435
    22.5-180.0 180.0   5.0 450.0                            LAT/LON1/LON2/DLON/H
  449  449  448  449  459  476  498  520  535  538  534  531  529  522  503  473
  442  421  413  410  403  391  380  371  358  342  321  297  269  242  220  211
  211  214  214  210  209  214  226  242  259  274  281  278  265  246  225  210
  201  193  188  188  196  213  234  258  283  308  329  346  359  371  383  395
  406  417  429  442  451  455  453  451  449
    20.0-180.0 180.0   5.0 450.0                            LAT/LON1/LON2/DLON/H
  464  465  467  473  487  508  531  553  566  568  562  558  556  550  534  505
  472  448  437  430  420  405  391  376  357  333  307  281  253  225  202  189
  187  188  185  180  178  184  197  213  229  241  248  244  232  217  203  194
  189  184  179  178  186  203  227  253  281  307  330  348  363  376  391  405
  417  428  439  451  462  467  467  465  464
    17.5-180.0 180.0   5.0 450.0                            LAT/LON1/LON2/DLON/H
  480  481  486  496  516  538  561  581  593  594  587  582  580  575  561  534
  501  474  459  447  433  414  395  374  348  315  284  255  228  200  177  164
  160  159  155  148  145  151  165  180  193  204  209  207  198  187  180  176
  176  173  168  169  178  197  222  251  280  309  334  355  371  386  403  418
  431  443  454  465  475  481  483  481  480
    15.0-180.0 180.0   5.0 450.0                            LAT/LON1/LON2/DLON/H
  499  499  505  518  540  563  583  601  613  614  607  602  600  595  581  558
  526  497  477  461  441  417  393  365  330  290  253  223  197  172  151  140
  136  135  129  121  117  123  135  149  161  170  174  173  167  161  159  161
  162  160  157  159  171  192  219  249  281  312  340  363  381  398  416  433
  448  460  471  482  492  499  502  501  499
    12.5-180.0 180.0   5.0 450.0                            LAT/LON1/LON2/DLON/H
  521  520  525  538  560  581  597  611  622  626  622  618  614  607  594  573
  543  514  490  467  441  412  383  349  307  262  221  191  167  146  129  121
  120  120  114  104  101  106  116  128  138  145  149  150  146  144  145  148
  151  149  146  150  164  187  215  248  282  315  346  371  392  412  431  449
  464  477  488  499  509  519  523  523  521
    10.0-180.0 180.0   5.0 450.0                            LAT/LON1/LON2/DLON/H
  546  543  545  557  575  592  603  612  622  628  629  627  621  612  597  578
  550  520  493  465  433  400  366  328  283  234  192  163  142  127  115  112
  116  117  112  102   98  103  113  122  129  134  138  139  136  135  137  140
  142  138  135  140  156  180  210  244  280  316  349  376  400  423  444  462
  478  490  502  513  526  538  546  548  546
     7.5-180.0 180.0   5.0 450.0                            LAT/LON1/LON2/DLON/H
  572  567  566  574  588  598  602  607  615  624  628  629  622  609  593  572
  547  518  488  454  418  381  345  305  258  211  171  145  128  117  112  114
  121  126  123  115  112  117  127  132  135  136  137  136  134  132  133  136
  135  129  126  131  147  172  201  236  274  312  347  377  405  431  454  471
  485  498  510  523  539  556  568  573  572
     5.0-180.0 180.0   5.0 450.0                            LAT/LON1/LON2/DLON/H
  597  590  585  591  600  604  601  599  604  614  622  624  617  602  583  561
  536  506  473  436  396  357  321  281  238  195  160  138  125  118  118  126
  137  145  146  140  138  145  152  153  148  145  143  141  136  133  132  133
  128  120  116  121  137  159  187  222  263  303  339  373  405  435  458  475
  487  498  510  525  546  570  587  597  597
     2.5-180.0 180.0   5.0 450.0                            LAT/LON1/LON2/DLON/H
  614  608  604  607  613  612  603  596  597  605  613  616  609  593  571  546
  519  488  453  414  373  333  298  262  225  188  160  143  133  129  132  143
  157  170  175  171  171  176  179  174  162  154  148  144  137  132  130  128
  121  112  106  110  124  143  170  205  246  288  326  363  399  432  457  472
  481  490  503  521  547  576  599  612  614
