data/corinthe/IONEX/igsg1610.15i
     1.0            IONOSPHERE MAPS     MIX                 IONEX VERSION / TYPE
cmpcmb v1.2          GRL/UWM            29-jun-15 22:56     PGM / RUN BY / DATE 
ionex file containing IGS COMBINED Ionosphere maps          COMMENT             
global ionosphere maps for day 161, 2015                    DESCRIPTION         
IONEX file containing the COMBINED IGS TEC MAPS and DCBs    DESCRIPTION         
      IONEX files of the following IAACs were combined: cod DESCRIPTION         
                                                        jpl DESCRIPTION         
Contact address: Andrzej Krankowski                         DESCRIPTION
                 Geodynamics Research Laboratory            DESCRIPTION
                 University of Warmia and Mazury (GRL/UWM)  DESCRIPTION
                 Oczapowski St. 1                           DESCRIPTION
                 10-957-Olsztyn, POLAND                     DESCRIPTION
                 e-mail:  kand@uwm.edu.pl                   DESCRIPTION
                                                            DESCRIPTION         
  2015     6    10     0     0     0                        EPOCH OF FIRST MAP  
  2015     6    11     0     0     0                        EPOCH OF LAST MAP   
  7200                                                      INTERVAL            
    13                                                      # OF MAPS IN FILE   
  COSZ                                                      MAPPING FUNCTION    
     0.0                                                    ELEVATION CUTOFF    
combined TEC calculated as weighted mean of input TEC valuesOBSERVABLES USED    
   322                                                      # OF STATIONS       
    32                                                      # OF SATELLITES     
  6371.0                                                    BASE RADIUS         
     2                                                      MAP DIMENSION       
   450.0 450.0   0.0                                        HGT1 / HGT2 / DHGT  
    87.5 -87.5  -2.5                                        LAT1 / LAT2 / DLAT  
  -180.0 180.0   5.0                                        LON1 / LON2 / DLON  
    -1                                                      EXPONENT            
TEC values in 0.1 tec units;  9999, if no value available   COMMENT             
DCB values in nanoseconds, reference is Sum_of_SatDCBs = 0  COMMENT             
                                                            END OF HEADER       
[from data line 5148]
    13                                                      START OF TEC MAP    
  2015     6    11     0     0     0                        EPOCH OF CURRENT MAP
    87.5-180.0 180.0   5.0 450.0                            LAT/LON1/LON2/DLON/H
  175  175  175  175  175  175  175  175  175  175  175  174  173  173  172  172
  171  170  169  168  167  166  165  164  163  162  161  160  159  158  157  157
  156  156  155  155  154  154  154  154  154  154  154  154  155  156  156  157
  158  159  160  160  161  163  163  164  165  166  166  167  168  169  169  170
  171  171  172  172  173  174  174  174  175
    85.0-180.0 180.0   5.0 450.0                            LAT/LON1/LON2/DLON/H
  186  186  187  187  187  188  188  188  188  187  187  186  185  184  183  182
  180  179  177  176  174  172  170  168  166  163  161  160  157  155  154  152
  151  149  148  147  146  146  147  147  147  148  149  150  151  153  154  156
  157  159  161  162  163  165  166  168  169  171  172  173  174  175  176  177
  178  179  181  182  182  183  184  185  186
    82.5-180.0 180.0   5.0 450.0                            LAT/LON1/LON2/DLON/H
  195  196  196  197  198  199  199  199  199  199  198  197  196  195  193  192
  190  188  186  184  181  178  176  173  170  167  164  161  158  155  152  150
  148  146  145  143  143  142  143  144  145  147  149  151  152  155  157  160
  162  164  166  168  169  171  173  174  175  177  178  179  180  182  183  183
  185  186  188  188  190  191  193  194  195
    80.0-180.0 180.0   5.0 450.0                            LAT/LON1/LON2/DLON/H
  201  203  204  205  206  207  208  208  208  208  207  206  205  203  201  199
  196  194  192  189  186  184  181  178  175  171  168  164  160  157  154  150
  147  145  144  143  143  143  144  146  148  150  152  155  158  161  163  166
  168  171  173  175  177  178  179  181  181  182  183  184  185  186  187  188
  189  191  192  193  195  196  198  200  201
    77.5-180.0 180.0   5.0 450.0                            LAT/LON1/LON2/DLON/H
  205  207  208  210  212  213  215  215  215  215  214  213  211  208  205  202
  199  196  193  190  188  186  183  180  177  174  171  167  163  159  156  152
  149  147  146  145  145  147  148  151  153  156  159  162  166  168  172  174
  176  179  181  182  183  184  185  185  185  185  185  186  186  187  188  188
  190  192  194  195  197  199  201  203  205
    75.0-180.0 180.0   5.0 450.0                            LAT/LON1/LON2/DLON/H
  206  208  211  212  214  216  218  219  220  220  219  217  214  211  207  203
  199  195  191  188  185  183  181  180  178  175  172  168  164  161  157  154
  151  149  149  149  150  152  154  158  160  164  167  169  172  175  178  180
  183  184  186  186  187  187  187  187  186  185  185  184  184  185  186  186
  188  190  192  194  196  199  201  204  206
    72.5-180.0 180.0   5.0 450.0                            LAT/LON1/LON2/DLON/H
  206  208  210  212  214  217  219  222  223  223  223  221  218  214  209  204
  198  193  188  184  181  179  178  176  175  173  170  167  164  161  158  155
  153  153  152  153  156  158  161  164  166  169  172  174  176  178  180  182
  185  186  188  189  189  189  188  187  185  184  183  182  181  181  182  183
  184  186  189  191  194  197  200  204  206
    70.0-180.0 180.0   5.0 450.0                            LAT/LON1/LON2/DLON/H
  204  206  208  209  212  215  218  222  224  226  226  226  223  219  214  208
  201  194  188  182  179  176  175  173  172  171  169  166  162  159  157  155
  155  155  155  158  161  163  166  168  171  172  173  174  175  176  179  181
  183  186  188  189  189  189  188  186  185  182  181  179  178  178  177  178
  180  182  185  188  192  195  199  202  204
    67.5-180.0 180.0   5.0 450.0                            LAT/LON1/LON2/DLON/H
  203  204  204  206  207  211  214  219  224  227  230  231  230  228  222  216
  208  200  191  184  179  176  174  172  171  169  167  164  160  158  155  154
  154  156  158  160  163  166  169  170  171  171  170  170  169  171  173  176
  179  183  186  188  190  189  189  188  185  183  181  179  177  176  176  176
  178  180  183  186  190  195  198  201  203
    65.0-180.0 180.0   5.0 450.0                            LAT/LON1/LON2/DLON/H
  203  203  202  202  202  205  209  215  221  227  233  237  238  237  233  228
  219  210  200  192  185  181  177  175  172  170  168  164  160  157  155  154
  154  156  158  161  164  167  169  169  168  167  165  162  161  162  164  168
  174  179  184  188  191  192  192  191  189  187  185  182  179  178  177  178
  178  180  183  186  190  195  199  202  203
    62.5-180.0 180.0   5.0 450.0                            LAT/LON1/LON2/DLON/H
  205  204  202  200  199  200  204  210  218  226  234  241  245  247  245  241
  234  224  214  205  196  190  186  182  179  175  171  168  164  160  157  156
  156  156  158  160  162  165  166  166  165  161  157  153  152  152  155  162
  168  176  183  188  192  195  197  197  195  193  191  188  185  183  182  182
  182  183  185  188  192  197  201  204  205
    60.0-180.0 180.0   5.0 450.0                            LAT/LON1/LON2/DLON/H
  210  208  205  201  199  199  202  208  215  224  233  242  249  253  255  252
  247  239  229  219  210  203  197  192  188  184  180  175  171  167  164  161
  159  157  157  158  160  162  164  164  161  157  151  146  144  145  149  155
  164  173  181  189  195  199  202  204  204  202  200  196  194  191  189  188
  187  187  189  191  196  201  206  209  210
    57.5-180.0 180.0   5.0 450.0                            LAT/LON1/LON2/DLON/H
  218  217  213  209  204  202  203  208  214  222  230  239  248  254  258  259
  256  250  242  232  224  216  210  205  200  196  192  187  183  178  174  169
  164  160  157  157  157  159  161  161  159  154  148  143  140  140  144  151
  160  170  180  189  197  202  207  210  211  210  208  206  202  199  196  194
  192  191  192  195  199  205  211  216  218
    55.0-180.0 180.0   5.0 450.0                            LAT/LON1/LON2/DLON/H
  228  228  226  221  216  212  211  212  216  221  227  235  242  250  256  258
  259  255  248  240  233  226  221  218  214  210  206  202  197  192  186  179
  171  164  158  155  156  159  161  162  161  156  150  143  140  139  144  149
  158  168  178  188  197  204  210  214  217  217  216  212  209  205  202  199
  197  195  196  198  203  210  217  224  228
    52.5-180.0 180.0   5.0 450.0                            LAT/LON1/LON2/DLON/H
  240  243  242  237  233  227  224  222  222  222  225  229  235  241  248  252
  254  253  248  242  237  232  230  229  227  224  220  216  211  206  199  189
  179  169  160  156  156  160  164  167  167  162  156  150  145  144  145  150
  157  166  175  185  195  204  212  218  221  222  221  217  213  209  205  202
  200  198  199  201  207  215  225  234  240
    50.0-180.0 180.0   5.0 450.0                            LAT/LON1/LON2/DLON/H
  254  260  261  257  252  247  242  238  233  228  225  224  227  232  238  243
  245  245  243  239  236  235  235  237  236  236  233  229  224  217  209  199
  187  174  164  159  159  164  171  176  176  172  166  160  155  151  150  152
  156  162  171  182  194  204  213  221  225  227  225  222  217  212  208  204
  202  201  201  205  211  222  233  245  254
    47.5-180.0 180.0   5.0 450.0                            LAT/LON1/LON2/DLON/H
  270  279  281  279  274  269  264  257  249  238  229  223  222  224  229  233
  236  236  235  234  233  236  239  242  244  244  242  238  232  226  217  206
  194  181  170  165  166  173  181  187  189  186  180  173  167  161  157  155
  156  161  169  180  193  206  216  225  231  232  231  226  220  215  209  207
  205  204  207  211  219  231  244  258  270
    45.0-180.0 180.0   5.0 450.0                            LAT/LON1/LON2/DLON/H
  289  299  303  301  297  292  288  282  270  255  240  229  223  222  225  228
  229  230  229  230  232  236  242  247  250  250  247  243  237  230  221  212
  200  189  181  177  180  187  196  202  204  201  196  189  181  173  166  160
  158  161  169  181  196  211  223  233  239  241  239  233  226  219  214  211
  209  210  213  220  230  243  259  275  289
    42.5-180.0 180.0   5.0 450.0                            LAT/LON1/LON2/DLON/H
  311  322  327  324  320  317  315  309  296  277  258  242  233  230  230  230
  229  228  229  231  236  241  247  251  253  253  251  246  240  233  226  218
  210  202  197  195  198  206  214  219  221  218  212  205  196  185  175  167
  163  165  174  187  203  220  235  246  252  254  250  243  235  227  221  218
  218  219  224  233  245  261  278  295  311
    40.0-180.0 180.0   5.0 450.0                            LAT/LON1/LON2/DLON/H
  337  349  353  350  345  344  346  341  328  307  284  265  253  248  246  243
  239  237  237  241  245  251  255  258  258  257  254  250  244  238  233  229
  225  221  219  220  224  229  235  238  239  235  228  220  210  198  186  177
  172  173  183  198  216  234  250  262  268  269  265  257  247  239  233  230
  229  232  239  250  265  282  301  319  337
    37.5-180.0 180.0   5.0 450.0                            LAT/LON1/LON2/DLON/H
  365  378  382  379  374  375  379  377  364  341  317  297  284  278  273  267
  260  254  254  258  262  266  269  268  266  263  261  257  253  249  246  244
  246  248  250  252  254  257  257  258  255  251  244  234  223  210  198  188
  183  185  195  211  230  249  266  278  285  286  282  273  263  254  248  245
  245  248  256  269  287  306  328  348  365
    35.0-180.0 180.0   5.0 450.0                            LAT/LON1/LON2/DLON/H
  395  409  415  413  409  411  416  416  403  380  356  336  325  318  312  301
  289  281  280  282  286  287  286  282  277  274  272  271  269  267  266  268
  272  279  283  286  285  284  279  276  271  265  257  247  235  222  210  201
  196  198  208  223  242  261  278  291  299  301  298  290  279  271  266  263
  263  266  274  289  309  332  356  377  395
    32.5-180.0 180.0   5.0 450.0                            LAT/LON1/LON2/DLON/H
  424  441  450  452  450  452  457  456  444  421  398  380  370  365  358  344
  326  314  310  312  314  312  308  300  293  290  289  290  291  291  290  293
  300  309  314  315  312  305  297  290  284  277  268  257  244  232  220  211
  207  210  217  231  249  267  284  298  308  311  310  304  295  287  283  281
  282  285  294  309  331  357  382  405  424
    30.0-180.0 180.0   5.0 450.0                            LAT/LON1/LON2/DLON/H
  451  470  485  492  494  496  499  497  484  462  439  424  417  414  407  389
  367  351  344  344  343  339  332  322  313  310  310  313  316  316  316  319
  325  333  337  334  327  317  306  298  291  284  274  262  250  238  226  218
  214  214  220  231  246  264  282  297  308  315  317  314  308  303  300  299
  300  304  313  328  351  377  404  429  451
    27.5-180.0 180.0   5.0 450.0                            LAT/LON1/LON2/DLON/H
  471  495  516  530  536  539  540  536  522  500  479  466  464  463  456  435
  408  387  379  376  373  366  356  344  335  329  330  333  336  336  336  336
  341  346  346  338  328  317  306  298  291  285  275  262  249  237  227  219
  214  213  215  223  236  253  272  289  303  313  319  320  318  316  315  316
  318  323  331  345  367  394  422  448  471
    25.0-180.0 180.0   5.0 450.0                            LAT/LON1/LON2/DLON/H
  485  512  539  561  572  576  575  571  557  536  515  505  506  509  502  479
  449  424  411  405  399  390  377  364  352  345  343  344  347  347  345  343
  344  343  338  327  314  303  294  287  282  276  267  255  241  229  219  212
  207  203  203  207  218  235  255  276  293  306  317  322  324  326  328  332
  337  342  349  362  382  408  434  460  485
    22.5-180.0 180.0   5.0 450.0                            LAT/LON1/LON2/DLON/H
  492  521  552  578  595  602  603  599  587  566  547  540  544  550  543  520
  488  460  443  432  422  409  395  380  364  352  345  344  344  343  340  336
  333  329  319  303  289  280  272  267  263  258  250  239  226  214  205  199
  193  188  185  187  196  214  237  261  281  298  313  322  329  335  340  347
  354  361  368  379  396  419  444  467  492
    20.0-180.0 180.0   5.0 450.0                            LAT/LON1/LON2/DLON/H
  494  522  554  584  604  615  620  620  610  591  574  571  579  586  581  559
  526  495  473  457  441  424  407  388  367  349  335  329  327  325  322  317
  312  305  292  274  259  250  243  238  236  232  227  217  205  195  188  182
  176  169  164  163  172  192  220  248  272  292  309  323  334  343  352  362
  372  380  387  397  412  431  452  472  494
    17.5-180.0 180.0   5.0 450.0                            LAT/LON1/LON2/DLON/H
  496  520  550  579  602  617  626  630  626  611  597  596  608  618  614  593
  561  529  502  479  457  434  411  388  362  335  314  303  299  297  295  291
  287  279  264  246  231  221  214  208  205  203  198  191  182  175  169  163
  157  149  142  141  151  173  205  238  266  288  307  324  339  351  363  376
  388  398  406  416  429  445  461  477  496
    15.0-180.0 180.0   5.0 450.0                            LAT/LON1/LON2/DLON/H
  499  519  543  569  591  609  622  632  632  623  615  618  632  643  641  623
  593  560  530  500  469  438  410  380  347  313  286  270  264  264  264  264
  261  255  242  225  210  198  190  183  178  175  171  167  161  156  152  147
  139  131  123  122  132  159  194  231  262  287  309  328  346  360  374  388
  403  414  424  435  448  461  474  485  499
    12.5-180.0 180.0   5.0 450.0                            LAT/LON1/LON2/DLON/H
  508  523  541  561  580  597  613  625  631  629  626  632  647  660  660  645
  618  586  553  517  478  438  400  364  324  286  255  237  230  231  234  239
  241  239  230  215  201  188  176  166  159  154  150  147  145  143  139  134
  125  116  108  107  119  148  187  228  261  289  312  334  354  369  384  398
  413  427  440  452  465  478  490  499  508
    10.0-180.0 180.0   5.0 450.0                            LAT/LON1/LON2/DLON/H
  524  535  548  562  575  587  602  616  625  627  630  639  654  666  669  656
  633  604  570  528  480  430  384  340  297  257  226  209  203  204  212  222
  229  232  228  217  203  190  176  164  153  144  139  136  135  135  133  126
  116  106   98   96  110  140  181  224  261  289  315  340  361  377  390  404
  420  436  451  466  481  494  506  515  524
     7.5-180.0 180.0   5.0 450.0                            LAT/LON1/LON2/DLON/H
  545  556  565  573  579  585  593  604  614  621  626  637  651  663  664  654
  635  611  577  531  474  416  361  311  267  230  204  190  185  188  199  214
  226  234  233  227  216  203  189  174  158  145  135  131  132  135  132  123
  110   99   91   90  104  134  176  219  257  288  315  343  366  382  394  406
  422  439  456  474  490  506  520  534  545
     5.0-180.0 180.0   5.0 450.0                            LAT/LON1/LON2/DLON/H
  569  583  592  596  595  592  591  595  602  609  617  627  639  648  649  640
  624  603  572  523  461  395  334  281  238  208  190  182  181  184  197  215
  231  241  243  241  234  223  208  191  171  151  136  131  133  137  134  122
  108   95   86   86   99  127  168  211  250  282  312  342  367  383  392  403
  418  436  455  474  492  510  530  550  569
     2.5-180.0 180.0   5.0 450.0                            LAT/LON1/LON2/DLON/H
  590  612  624  626  618  606  595  591  593  598  605  613  621  626  624  614
  601  584  554  504  440  370  306  252  214  193  185  185  187  192  205  223
  239  249  253  254  250  240  225  206  181  158  139  133  137  141  137  123
  105   90   82   81   92  118  156  198  238  272  304  335  361  377  386  395
  409  428  448  466  484  505  532  563  590
