data/corinthe/IONEX/igsg1700.15i
     1.0            IONOSPHERE MAPS     MIX                 IONEX VERSION / TYPE
cmpcmb v1.2          GRL/UWM             7-jul-15 17:26     PGM / RUN BY / DATE 
ionex file containing IGS COMBINED Ionosphere maps          COMMENT             
global ionosphere maps for day 170, 2015                    DESCRIPTION         
IONEX file containing the COMBINED IGS TEC MAPS and DCBs    DESCRIPTION         
      IONEX files of the following IAACs were combined: cod DESCRIPTION         
                                                        jpl DESCRIPTION         
Contact address: Andrzej Krankowski                         DESCRIPTION
                 Geodynamics Research Laboratory            DESCRIPTION
                 University of Warmia and Mazury (GRL/UWM)  DESCRIPTION
                 Oczapowski St. 1                           DESCRIPTION
                 10-957-Olsztyn, POLAND                     DESCRIPTION
                 e-mail:  kand@uwm.edu.pl                   DESCRIPTION
                                                            DESCRIPTION         
  2015     6    19     0     0     0                        EPOCH OF FIRST MAP  
  2015     6    20     0     0     0                        EPOCH OF LAST MAP   
  7200                                                      INTERVAL            
    13                                                      # OF MAPS IN FILE   
  COSZ                                                      MAPPING FUNCTION    
     0.0                                                    ELEVATION CUTOFF    
combined TEC calculated as weighted mean of input TEC valuesOBSERVABLES USED    
   316                                                      # OF STATIONS       
    32                                                      # OF SATELLITES     
  6371.0                                                    BASE RADIUS         
     2                                                      MAP DIMENSION       
   450.0 450.0   0.0                                        HGT1 / HGT2 / DHGT  
    87.5 -87.5  -2.5                                        LAT1 / LAT2 / DLAT  
  -180.0 180.0   5.0                                        LON1 / LON2 / DLON  
    -1                                                      EXPONENT            
TEC values in 0.1 tec units;  9999, if no value available   COMMENT             
DCB values in nanoseconds, reference is Sum_of_SatDCBs = 0  COMMENT             
                                                            END OF HEADER       
[from data line 3432]
     9                                                      START OF TEC MAP    
  2015     6    19    16     0     0                        EPOCH OF CURRENT MAP
    87.5-180.0 180.0   5.0 450.0                            LAT/LON1/LON2/DLON/H
  178  178  179  180  180  181  181  181  182  182  182  182  183  183  183  183
  183  183  183  183  183  183  183  182  182  182  182  181  181  180  180  179
  179  178  178  178  177  177  177  176  176  176  175  175  175  175  175  175
  174  174  173  173  173  173  173  173  173  173  173  173  173  173  174  174
  174  175  175  176  176  176  177  177  178
    85.0-180.0 180.0   5.0 450.0                            LAT/LON1/LON2/DLON/H
  176  177  179  180  181  181  182  183  184  185  185  185  186  186  186  186
  186  186  186  186  186  185  185  184  184  183  183  182  182  181  180  180
  179  179  178  178  177  177  176  175  175  175  174  174  173  172  172  171
  171  170  169  169  169  168  168  168  167  167  167  167  167  167  168  168
  169  170  170  171  172  173  174  175  176
    82.5-180.0 180.0   5.0 450.0                            LAT/LON1/LON2/DLON/H
  173  174  176  178  180  181  182  184  185  186  186  187  187  187  187  188
  188  187  187  187  186  186  186  185  185  185  184  183  182  181  181  180
  179  178  177  177  176  176  175  174  174  174  173  173  172  172  171  170
  169  168  167  166  165  165  164  163  162  161  161  160  160  161  161  161
  161  162  163  165  166  167  169  171  173
    80.0-180.0 180.0   5.0 450.0                            LAT/LON1/LON2/DLON/H
  169  170  173  176  178  179  181  182  183  184  184  185  185  186  186  186
  186  186  186  186  186  186  186  186  186  185  185  184  183  182  181  180
  179  178  177  176  176  176  175  175  175  174  174  173  173  172  171  170
  169  168  167  165  164  163  161  160  159  158  156  156  155  154  155  154
  155  155  156  158  160  162  164  166  169
    77.5-180.0 180.0   5.0 450.0                            LAT/LON1/LON2/DLON/H
  165  167  170  173  175  177  178  179  180  181  181  182  182  182  182  182
  182  183  183  183  184  185  186  186  186  186  186  185  184  183  183  181
  180  179  178  177  176  176  175  175  175  175  174  174  173  173  172  171
  170  169  167  166  165  163  162  161  159  157  156  154  153  152  151  150
  150  150  151  153  155  157  160  162  165
    75.0-180.0 180.0   5.0 450.0                            LAT/LON1/LON2/DLON/H
  163  166  169  171  173  175  176  178  179  179  179  179  179  179  178  178
  178  179  179  180  182  183  185  186  187  187  188  187  186  185  184  182
  180  179  177  177  176  175  175  175  175  175  175  175  174  174  173  171
  171  169  169  168  167  166  165  163  162  160  158  156  154  152  151  149
  149  149  149  150  152  155  157  160  163
    72.5-180.0 180.0   5.0 450.0                            LAT/LON1/LON2/DLON/H
  164  167  169  172  174  176  177  178  179  179  179  178  178  177  176  175
  175  175  176  177  179  181  183  185  187  187  188  187  186  184  183  180
  179  178  176  175  174  174  174  174  174  174  174  174  174  173  172  171
  171  170  171  171  171  171  171  170  168  166  164  162  159  156  154  152
  151  150  151  151  153  156  159  162  164
    70.0-180.0 180.0   5.0 450.0                            LAT/LON1/LON2/DLON/H
  169  171  173  176  177  179  180  181  182  182  182  181  180  178  176  174
  173  172  173  174  176  179  181  184  186  187  187  186  184  182  180  178
  176  174  173  173  172  172  172  172  172  172  172  173  172  171  171  170
  171  171  173  174  176  177  178  178  177  175  172  169  167  163  160  157
  155  155  154  156  157  160  162  165  169
    67.5-180.0 180.0   5.0 450.0                            LAT/LON1/LON2/DLON/H
  174  177  179  181  183  184  186  187  188  189  189  187  185  183  179  176
  173  172  171  172  174  177  179  182  184  184  184  182  180  178  175  173
  171  170  169  169  169  168  169  169  170  170  170  170  170  170  169  169
  170  172  175  178  181  184  186  187  187  185  182  178  174  170  167  164
  162  161  160  162  163  165  168  171  174
    65.0-180.0 180.0   5.0 450.0                            LAT/LON1/LON2/DLON/H
  179  181  184  186  188  190  192  194  196  197  197  196  194  190  186  181
  177  173  171  172  173  175  177  179  180  180  179  177  175  172  170  168
  167  166  166  165  165  166  166  166  167  168  168  169  168  168  168  169
  170  173  178  182  187  192  195  197  196  194  191  186  182  177  173  170
  168  166  166  167  168  171  174  176  179
    62.5-180.0 180.0   5.0 450.0                            LAT/LON1/LON2/DLON/H
  181  183  187  189  192  195  199  202  205  206  207  206  204  199  193  187
  181  177  174  173  173  174  175  175  175  174  173  172  170  168  167  165
  165  164  164  164  164  165  165  165  166  166  167  168  168  168  168  170
  172  176  181  187  194  200  204  205  204  202  197  192  187  181  177  174
  172  170  170  171  172  173  176  178  181
    60.0-180.0 180.0   5.0 450.0                            LAT/LON1/LON2/DLON/H
  179  182  185  189  193  198  202  206  211  214  216  216  213  208  202  195
  188  182  178  176  174  174  173  172  171  170  168  167  166  166  165  166
  166  167  167  166  166  166  166  167  167  168  169  169  170  171  172  173
  176  180  186  193  201  207  211  212  211  207  202  195  189  183  178  174
  172  171  170  170  171  172  174  176  179
    57.5-180.0 180.0   5.0 450.0                            LAT/LON1/LON2/DLON/H
  172  176  180  185  191  197  203  209  214  219  222  223  221  217  210  202
  195  189  184  181  178  176  173  171  169  166  165  166  166  167  169  171
  172  173  173  172  171  170  170  170  171  172  172  173  175  175  177  178
  181  186  192  199  207  213  217  217  214  209  203  196  188  181  176  172
  170  168  167  167  166  167  168  169  172
    55.0-180.0 180.0   5.0 450.0                            LAT/LON1/LON2/DLON/H
  162  167  173  179  186  193  200  208  214  221  226  229  229  225  219  212
  204  197  192  188  185  181  176  172  169  167  166  167  169  172  175  178
  180  181  181  179  178  177  177  177  177  178  179  180  181  183  184  186
  188  193  198  205  212  218  220  220  216  210  202  194  186  179  173  168
  165  163  162  160  159  158  158  160  162
    52.5-180.0 180.0   5.0 450.0                            LAT/LON1/LON2/DLON/H
  152  157  163  172  180  189  196  203  212  220  228  234  236  234  229  223
  215  208  202  198  194  189  182  176  172  169  169  172  175  179  183  186
  189  189  188  187  186  186  185  186  186  187  187  188  190  191  193  194
  196  199  204  210  216  221  223  221  217  209  201  192  184  176  169  164
  160  157  155  153  150  148  148  149  152
    50.0-180.0 180.0   5.0 450.0                            LAT/LON1/LON2/DLON/H
  142  147  155  165  174  184  191  200  209  219  230  239  244  246  242  236
  228  222  216  211  206  200  192  184  178  176  176  179  182  187  190  193
  195  195  194  194  194  195  196  197  197  197  197  197  199  200  202  203
  204  205  209  214  219  224  225  223  217  209  201  193  183  175  168  162
  157  153  150  146  143  140  138  139  142
    47.5-180.0 180.0   5.0 450.0                            LAT/LON1/LON2/DLON/H
  135  141  149  160  170  180  188  197  207  220  234  247  256  261  260  253
  246  239  233  228  222  215  205  195  188  185  186  188  191  194  196  197
  198  198  199  200  202  205  207  209  209  208  208  207  208  210  212  212
  211  211  213  218  223  226  227  224  218  211  202  194  186  178  171  164
  158  153  148  143  139  134  132  131  135
    45.0-180.0 180.0   5.0 450.0                            LAT/LON1/LON2/DLON/H
  130  135  145  156  168  178  187  197  209  223  240  256  271  280  280  274
  267  260  254  248  242  233  221  210  202  199  198  199  200  200  199  199
  200  202  204  208  213  218  221  223  223  222  220  218  218  220  221  221
  219  216  217  220  225  229  230  227  221  213  206  199  192  185  178  171
  164  158  151  145  139  133  129  128  130
    42.5-180.0 180.0   5.0 450.0                            LAT/LON1/LON2/DLON/H
  128  133  143  154  167  178  188  200  213  229  248  269  287  299  302  297
  290  283  277  272  264  254  241  229  220  215  213  212  209  206  203  203
  204  209  215  222  228  235  239  241  241  239  235  232  231  232  232  231
  226  222  221  222  227  230  232  229  224  217  211  206  201  195  188  182
  175  167  159  151  143  137  131  128  128
    40.0-180.0 180.0   5.0 450.0                            LAT/LON1/LON2/DLON/H
  130  133  142  153  166  179  191  204  218  237  257  280  303  318  323  320
  313  307  302  296  288  276  263  250  240  235  231  227  220  215  211  211
  216  224  235  246  254  260  263  264  263  260  255  251  247  246  245  241
  235  228  224  224  227  232  233  231  226  220  216  212  210  206  202  195
  188  179  170  162  152  143  136  130  130
    37.5-180.0 180.0   5.0 450.0                            LAT/LON1/LON2/DLON/H
  133  134  141  152  165  179  193  208  224  243  265  290  315  333  340  338
  333  328  324  319  311  298  284  272  262  256  251  246  237  229  225  227
  238  252  268  282  291  294  295  294  292  288  281  274  268  264  260  253
  243  234  227  225  227  231  233  231  227  221  218  217  217  216  213  208
  201  191  182  172  161  151  142  135  133
    35.0-180.0 180.0   5.0 450.0                            LAT/LON1/LON2/DLON/H
  137  137  141  150  163  178  194  211  228  247  270  296  321  340  348  350
  347  345  343  340  331  318  304  293  284  279  275  268  258  250  248  255
  272  293  315  331  338  337  334  330  325  320  312  302  292  285  276  265
  252  238  230  225  225  228  229  227  223  218  216  217  220  221  219  215
  209  200  190  180  169  159  149  142  137
    32.5-180.0 180.0   5.0 450.0                            LAT/LON1/LON2/DLON/H
  141  139  142  150  162  176  193  211  230  249  271  297  321  340  351  354
  354  356  356  354  346  334  321  311  305  302  299  293  285  279  280  293
  316  345  371  388  392  386  377  369  363  356  346  333  318  305  291  275
  258  241  229  222  220  221  221  219  214  210  209  213  216  219  219  216
  210  202  192  183  173  164  155  147  141
    30.0-180.0 180.0   5.0 450.0                            LAT/LON1/LON2/DLON/H
  146  142  144  150  160  174  191  210  229  248  270  295  319  337  349  354
  357  361  364  363  357  345  334  327  323  323  323  319  314  311  317  335
  365  400  430  447  448  435  421  409  401  391  379  362  342  323  302  281
  260  240  225  216  213  211  210  206  201  198  198  202  207  210  211  208
  203  196  188  180  172  165  158  151  146
    27.5-180.0 180.0   5.0 450.0                            LAT/LON1/LON2/DLON/H
  149  146  146  151  160  173  189  207  226  246  268  292  316  335  346  352
  357  363  367  368  363  354  345  340  339  342  345  345  343  345  356  379
  413  452  485  502  498  480  459  444  433  422  407  386  361  334  308  282
  257  235  218  207  203  200  195  191  185  182  184  188  193  196  196  195
  190  184  178  171  166  161  157  154  149
    25.0-180.0 180.0   5.0 450.0                            LAT/LON1/LON2/DLON/H
  151  150  150  154  161  173  188  205  224  245  268  293  318  337  347  353
  358  364  369  371  368  361  354  351  353  358  364  368  372  378  392  418
  454  495  528  544  536  511  487  469  457  444  427  402  372  339  306  277
  250  226  209  197  191  187  181  175  170  168  169  173  178  180  180  178
  174  169  164  159  156  154  154  153  151
    22.5-180.0 180.0   5.0 450.0                            LAT/LON1/LON2/DLON/H
  152  152  153  157  163  173  186  203  223  244  269  296  323  344  354  358
  363  367  372  374  372  367  362  361  365  371  379  387  395  405  421  447
  483  522  554  567  555  528  500  481  469  456  436  410  375  338  302  269
  241  217  199  188  181  175  168  161  156  155  156  160  163  164  163  161
  158  154  150  147  144  145  148  152  152
    20.0-180.0 180.0   5.0 450.0                            LAT/LON1/LON2/DLON/H
  151  153  154  158  164  173  186  202  222  244  271  301  332  354  365  369
  371  374  378  379  378  376  374  373  376  382  391  403  415  427  443  467
  499  534  561  570  554  524  497  479  468  456  437  409  373  333  294  260
  233  210  193  181  173  167  159  152  149  147  148  150  151  150  149  147
  145  142  139  136  134  135  140  147  151
    17.5-180.0 180.0   5.0 450.0                            LAT/LON1/LON2/DLON/H
  146  150  153  157  163  172  184  200  221  245  273  306  340  365  376  380
  382  384  386  387  387  387  386  386  387  392  402  416  431  444  459  478
  504  530  549  552  533  505  480  467  459  449  432  405  369  327  288  256
  229  208  191  178  169  161  154  149  145  144  144  143  142  140  138  137
  137  135  131  127  124  126  132  140  146
    15.0-180.0 180.0   5.0 450.0                            LAT/LON1/LON2/DLON/H
  138  142  147  152  159  168  181  197  218  243  272  307  342  370  384  390
  393  395  396  397  398  399  400  399  399  402  411  427  444  458  469  483
  500  516  524  519  500  476  459  452  448  440  425  399  365  325  288  256
  231  209  191  178  168  160  154  149  146  145  143  141  137  133  130  130
  130  129  126  121  117  117  122  131  138
    12.5-180.0 180.0   5.0 450.0                            LAT/LON1/LON2/DLON/H
  127  132  137  143  151  160  174  192  215  240  269  302  338  367  384  394
  400  403  404  406  409  412  414  412  411  413  422  438  455  468  477  484
  493  498  494  483  465  448  440  439  439  433  418  395  363  326  290  260
  235  213  194  180  168  161  156  153  150  148  144  139  133  128  125  125
  126  126  122  116  111  110  113  120  127
    10.0-180.0 180.0   5.0 450.0                            LAT/LON1/LON2/DLON/H
  112  117  123  129  137  148  163  184  208  235  263  293  326  355  376  391
  401  407  411  413  417  422  425  424  423  425  434  449  465  476  482  486
  487  482  470  454  439  430  429  435  436  429  413  391  362  327  294  265
  239  216  195  179  167  161  158  157  154  150  144  138  132  125  120  120
  121  122  117  111  106  103  104  108  112
     7.5-180.0 180.0   5.0 450.0                            LAT/LON1/LON2/DLON/H
  100  102  107  114  122  134  150  174  201  229  255  282  310  337  361  381
  396  406  411  415  420  427  431  432  433  437  446  460  473  481  485  486
  484  474  456  439  428  427  433  439  437  426  408  386  358  326  294  265
  238  213  191  173  162  158  158  158  155  149  142  135  129  122  117  115
  116  115  112  106  100   98   96   97  100
     5.0-180.0 180.0   5.0 450.0                            LAT/LON1/LON2/DLON/H
   90   91   94   99  107  117  136  162  194  224  249  272  294  318  343  367
  386  399  407  412  418  426  432  437  441  447  455  467  477  483  486  487
  484  473  457  442  437  439  445  448  440  422  399  375  348  317  286  257
  230  203  179  161  152  150  152  154  151  144  136  130  125  119  113  109
  109  108  105  100   96   93   91   90   90
     2.5-180.0 180.0   5.0 450.0                            LAT/LON1/LON2/DLON/H
   85   83   84   87   93  103  122  152  188  220  246  266  284  303  327  352
  373  389  398  404  411  419  429  436  444  452  461  469  475  479  482  485
  485  479  467  458  455  457  459  453  437  411  383  356  328  297  268  239
  212  185  160  143  135  137  142  144  140  133  126  122  120  115  108  104
  102  101   98   95   92   89   88   87   85
