data/corinthe/IONEX/igsg1620.15i
     1.0            IONOSPHERE MAPS     MIX                 IONEX VERSION / TYPE
cmpcmb v1.2          GRL/UWM            29-jun-15 23:00     PGM / RUN BY / DATE 
ionex file containing IGS COMBINED Ionosphere maps          COMMENT             
global ionosphere maps for day 162, 2015                    DESCRIPTION         
IONEX file containing the COMBINED IGS TEC MAPS and DCBs    DESCRIPTION         
      IONEX files of the following IAACs were combined: cod DESCRIPTION         
                                                        jpl DESCRIPTION         
Contact address: Andrzej Krankowski                         DESCRIPTION
                 Geodynamics Research Laboratory            DESCRIPTION
                 University of Warmia and Mazury (GRL/UWM)  DESCRIPTION
                 Oczapowski St. 1                           DESCRIPTION
                 10-957-Olsztyn, POLAND                     DESCRIPTION
                 e-mail:  kand@uwm.edu.pl                   DESCRIPTION
                                                            DESCRIPTION         
  2015     6    11     0     0     0                        EPOCH OF FIRST MAP  
  2015     6    12     0     0     0                        EPOCH OF LAST MAP   
  7200                                                      INTERVAL            
    13                                                      # OF MAPS IN FILE   
  COSZ                                                      MAPPING FUNCTION    
     0.0                                                    ELEVATION CUTOFF    
combined TEC calculated as weighted mean of input TEC valuesOBSERVABLES USED    
   316                                                      # OF STATIONS       
    32                                                      # OF SATELLITES     
  6371.0                                                    BASE RADIUS         
     2                                                      MAP DIMENSION       
   450.0 450.0   0.0                                        HGT1 / HGT2 / DHGT  
    87.5 -87.5  -2.5                                        LAT1 / LAT2 / DLAT  
  -180.0 180.0   5.0                                        LON1 / LON2 / DLON  
    -1                                                      EXPONENT            
TEC values in 0.1 tec units;  9999, if no value available   COMMENT             
DCB values in nanoseconds, reference is Sum_of_SatDCBs = 0  COMMENT             
                                                            END OF HEADER       
[from data line 2574]
     7                                                      START OF TEC MAP    
  2015     6    11    12     0     0                        EPOCH OF CURRENT MAP
    87.5-180.0 180.0   5.0 450.0                            LAT/LON1/LON2/DLON/H
  200  199  200  199  200  200  200  200  201  201  201  202  202  202  203  204
  204  205  205  206  206  207  207  208  208  209  209  209  209  210  209  209
  210  209  209  209  209  208  208  208  207  207  206  206  206  206  205  205
  204  204  203  203  203  203  202  202  202  202  202  201  201  201  201  200
  200  200  200  200  200  199  200  199  200
    85.0-180.0 180.0   5.0 450.0                            LAT/LON1/LON2/DLON/H
  195  194  194  195  195  195  195  195  195  196  196  197  198  198  199  200
  201  202  203  204  205  206  208  209  210  210  212  213  213  214  214  214
  214  214  214  213  212  212  211  210  209  208  207  206  205  205  204  203
  203  202  202  202  201  201  201  201  201  200  200  200  199  199  198  198
  197  197  196  196  196  195  195  195  195
    82.5-180.0 180.0   5.0 450.0                            LAT/LON1/LON2/DLON/H
  190  191  190  190  190  190  190  190  190  190  190  190  190  191  192  193
  194  196  197  199  201  203  205  207  208  210  212  213  215  216  217  217
  218  217  217  217  215  214  212  211  210  208  206  205  204  203  202  202
  202  202  202  202  202  203  202  203  203  202  202  202  201  200  199  198
  197  196  194  194  192  192  191  191  190
    80.0-180.0 180.0   5.0 450.0                            LAT/LON1/LON2/DLON/H
  186  186  186  186  186  185  185  185  184  183  183  182  182  183  184  185
  186  188  189  192  194  196  199  201  204  206  209  211  213  215  217  218
  219  219  219  218  217  215  213  211  209  207  205  204  203  202  202  202
  203  203  204  205  206  207  208  209  209  209  208  206  205  204  202  200
  198  196  193  192  190  189  188  187  186
    77.5-180.0 180.0   5.0 450.0                            LAT/LON1/LON2/DLON/H
  183  182  182  183  182  182  181  181  179  178  177  175  175  174  175  175
  177  178  181  183  186  189  192  194  197  200  202  205  208  211  214  216
  217  218  219  218  217  215  213  211  209  206  204  203  202  202  202  204
  205  207  209  211  213  214  216  216  216  216  215  214  212  209  206  203
  200  197  194  191  189  186  185  183  183
    75.0-180.0 180.0   5.0 450.0                            LAT/LON1/LON2/DLON/H
  179  179  179  180  180  180  179  179  177  175  172  170  168  167  167  167
  168  170  173  175  178  181  183  186  189  192  195  198  201  205  208  212
  214  217  218  218  217  216  213  211  209  207  205  204  205  205  206  208
  210  213  215  218  221  222  224  224  225  224  223  222  218  215  212  207
  203  199  194  190  187  183  181  179  179
    72.5-180.0 180.0   5.0 450.0                            LAT/LON1/LON2/DLON/H
  173  174  174  177  178  178  178  178  175  172  169  167  164  162  162  162
  163  165  168  170  173  175  178  180  182  184  187  190  193  197  202  206
  210  213  216  217  216  215  214  211  209  208  207  207  208  209  212  214
  217  220  222  225  227  229  231  231  231  231  229  227  225  222  217  213
  207  201  196  190  184  180  176  174  173
    70.0-180.0 180.0   5.0 450.0                            LAT/LON1/LON2/DLON/H
  166  166  168  171  174  175  176  176  174  171  168  165  163  161  160  160
  161  163  165  168  171  172  174  176  177  179  182  185  188  192  195  200
  205  209  212  214  215  214  213  211  210  210  210  211  214  216  218  221
  224  226  228  230  231  233  234  235  236  235  234  232  231  227  223  218
  212  205  198  191  184  177  172  168  166
    67.5-180.0 180.0   5.0 450.0                            LAT/LON1/LON2/DLON/H
  159  158  161  164  167  169  172  172  170  168  167  165  163  162  161  161
  162  164  166  168  170  171  173  174  175  177  179  182  185  188  192  196
  200  205  208  210  212  212  211  211  211  212  214  216  220  223  226  228
  230  231  231  232  232  233  234  236  237  237  238  237  236  233  229  224
  218  211  203  193  183  175  168  162  159
    65.0-180.0 180.0   5.0 450.0                            LAT/LON1/LON2/DLON/H
  153  151  152  155  158  160  163  164  164  163  163  163  163  162  162  162
  163  165  167  168  170  171  172  173  175  177  180  183  186  189  192  195
  198  201  204  206  207  208  208  209  211  214  218  222  226  230  233  234
  234  233  233  232  231  232  233  236  238  240  241  242  242  240  237  232
  225  217  208  197  186  176  165  158  153
    62.5-180.0 180.0   5.0 450.0                            LAT/LON1/LON2/DLON/H
  149  146  145  146  147  149  151  152  154  155  157  158  160  162  162  163
  164  166  167  168  170  171  171  173  176  179  184  188  192  195  196  197
  198  200  201  202  202  204  205  207  211  216  221  228  233  237  239  239
  238  236  233  232  231  232  234  237  242  246  249  250  250  249  245  240
  233  225  215  203  191  179  167  157  149
    60.0-180.0 180.0   5.0 450.0                            LAT/LON1/LON2/DLON/H
  149  142  138  137  136  137  137  138  140  143  147  151  155  158  160  161
  162  164  165  166  167  168  169  172  176  183  190  197  202  204  205  204
  202  201  199  199  199  200  202  207  212  219  226  234  239  243  245  244
  241  239  236  234  234  235  239  243  250  255  259  260  259  257  253  247
  239  230  221  210  197  184  171  159  149
    57.5-180.0 180.0   5.0 450.0                            LAT/LON1/LON2/DLON/H
  152  143  136  131  128  125  124  123  126  130  135  141  146  151  155  157
  159  160  161  163  163  165  167  172  178  187  198  207  213  216  215  212
  208  204  200  198  197  199  202  208  216  224  232  240  246  250  250  249
  246  243  241  240  241  243  249  255  263  268  272  273  270  265  259  252
  243  233  224  214  203  191  176  163  152
    55.0-180.0 180.0   5.0 450.0                            LAT/LON1/LON2/DLON/H
  156  145  137  129  122  117  114  112  114  117  123  130  137  142  147  150
  153  155  157  159  160  162  166  172  181  194  207  219  226  229  226  221
  214  208  202  200  199  202  207  214  222  232  240  248  254  256  256  255
  253  251  249  250  252  256  263  271  279  285  287  285  279  271  263  253
  243  233  224  216  207  195  182  169  156
    52.5-180.0 180.0   5.0 450.0                            LAT/LON1/LON2/DLON/H
  160  149  139  130  121  114  108  105  106  109  114  120  126  132  138  143
  148  152  155  157  160  162  167  174  186  201  217  230  239  240  236  229
  220  212  207  205  206  210  216  225  234  242  251  258  263  265  265  263
  262  261  261  262  266  272  279  288  296  301  301  295  286  274  262  250
  239  229  221  214  206  196  185  172  160
    50.0-180.0 180.0   5.0 450.0                            LAT/LON1/LON2/DLON/H
  162  152  142  133  123  115  108  104  103  104  108  112  117  123  130  137
  144  150  156  161  164  168  173  181  194  210  227  241  249  249  244  235
  225  217  213  213  217  223  231  240  249  257  264  271  274  275  274  273
  273  273  274  277  281  286  293  301  309  312  310  301  289  274  259  246
  234  223  215  208  202  194  184  173  162
    47.5-180.0 180.0   5.0 450.0                            LAT/LON1/LON2/DLON/H
  162  154  147  138  128  120  112  107  105  104  105  108  111  116  123  133
  143  153  162  169  175  180  185  193  205  221  238  250  256  255  248  237
  228  222  220  224  230  240  249  258  267  274  281  285  287  287  287  286
  286  287  288  290  293  296  302  308  314  316  312  302  287  271  256  241
  228  218  210  203  197  190  181  171  162
    45.0-180.0 180.0   5.0 450.0                            LAT/LON1/LON2/DLON/H
  161  155  150  144  135  126  119  114  111  109  108  107  109  112  119  130
  144  159  173  184  192  198  202  209  220  234  248  258  261  257  248  238
  230  227  229  236  247  259  270  280  288  295  301  304  305  303  302  301
  301  302  302  302  302  302  304  307  311  312  307  296  283  267  252  238
  226  215  208  201  195  187  178  169  161
    42.5-180.0 180.0   5.0 450.0                            LAT/LON1/LON2/DLON/H
  162  158  155  150  142  133  126  121  119  116  114  111  109  111  118  130
  148  168  186  201  212  219  223  228  237  248  259  265  264  258  248  238
  232  233  239  251  266  281  293  302  310  317  322  325  325  322  320  319
  319  319  317  313  309  304  302  301  302  302  297  288  276  264  251  239
  229  220  212  205  197  188  178  169  162
    40.0-180.0 180.0   5.0 450.0                            LAT/LON1/LON2/DLON/H
  167  164  162  159  151  141  132  129  128  127  124  118  113  112  118  132
  153  177  200  219  234  242  247  249  255  262  269  272  268  258  247  239
  236  240  251  267  286  303  317  326  334  342  347  350  349  346  343  342
  341  339  334  326  318  309  302  298  295  293  288  281  272  263  253  244
  237  230  223  216  207  196  184  174  167
    37.5-180.0 180.0   5.0 450.0                            LAT/LON1/LON2/DLON/H
  179  175  175  171  162  150  140  136  137  137  136  129  121  117  121  135
  157  184  212  236  254  264  269  270  273  278  281  280  272  261  249  242
  243  250  264  283  305  325  340  350  359  367  374  377  376  374  372  371
  369  365  358  347  335  322  312  305  299  293  287  281  274  267  260  254
  249  245  240  233  224  212  198  186  179
    35.0-180.0 180.0   5.0 450.0                            LAT/LON1/LON2/DLON/H
  196  193  192  188  177  162  149  144  146  149  149  142  131  124  125  138
  160  189  221  249  271  283  288  288  289  292  293  289  279  265  254  249
  252  262  279  301  325  346  362  374  383  393  402  407  408  407  405  405
  404  399  390  378  365  351  339  330  320  310  300  292  284  277  271  266
  263  261  257  253  244  233  218  205  196
    32.5-180.0 180.0   5.0 450.0                            LAT/LON1/LON2/DLON/H
  219  216  215  211  198  178  162  155  156  161  161  154  142  132  131  141
  163  192  225  258  285  299  304  303  303  304  304  299  287  273  263  259
  265  277  296  319  343  367  384  397  407  420  431  438  441  442  444  446
  446  442  433  422  410  398  387  376  363  347  331  316  304  293  284  278
  275  274  273  271  265  254  240  227  219
    30.0-180.0 180.0   5.0 450.0                            LAT/LON1/LON2/DLON/H
  242  240  241  238  223  200  179  168  167  172  174  167  153  140  137  145
  164  193  228  264  294  312  317  315  315  315  315  309  298  284  275  274
  281  295  314  336  362  385  404  418  432  446  459  469  475  480  485  490
  493  492  486  478  470  461  451  440  423  399  374  351  330  313  299  289
  284  282  282  284  282  274  261  250  242
    27.5-180.0 180.0   5.0 450.0                            LAT/LON1/LON2/DLON/H
  263  263  266  264  250  225  200  184  180  183  184  177  162  149  144  150
  166  194  229  269  302  322  326  325  323  325  325  321  310  298  291  292
  300  315  333  356  381  405  424  440  454  470  486  499  508  517  526  536
  543  546  543  538  533  529  521  508  487  456  421  387  358  333  312  297
  288  284  285  291  293  288  279  269  263
    25.0-180.0 180.0   5.0 450.0                            LAT/LON1/LON2/DLON/H
  278  280  286  285  273  248  221  201  192  192  192  184  170  156  151  156
  170  196  231  272  307  328  334  332  331  332  334  332  324  315  311  315
  324  338  356  377  402  425  444  460  475  492  510  525  539  552  565  579
  589  595  594  593  591  589  583  568  541  503  459  418  380  349  323  303
  288  282  284  292  298  297  290  282  278
    22.5-180.0 180.0   5.0 450.0                            LAT/LON1/LON2/DLON/H
  286  290  296  298  289  267  240  217  205  200  198  189  175  163  159  162
  175  199  233  273  309  331  336  336  336  339  343  343  339  335  336  342
  352  364  381  401  425  447  466  480  494  511  530  548  564  581  598  613
  625  631  632  632  632  631  624  606  575  531  481  434  394  358  329  304
  287  278  279  289  299  300  295  288  286
    20.0-180.0 180.0   5.0 450.0                            LAT/LON1/LON2/DLON/H
  288  292  297  301  295  277  253  230  214  206  201  191  178  168  165  169
  181  203  234  272  306  327  335  336  339  345  351  355  355  357  364  373
  382  392  408  429  451  472  488  501  513  528  547  566  584  603  621  635
  645  649  650  649  649  647  637  616  581  533  481  434  394  361  331  305
  286  276  277  287  297  299  295  289  288
    17.5-180.0 180.0   5.0 450.0                            LAT/LON1/LON2/DLON/H
  284  286  290  293  291  279  259  238  220  209  201  191  180  172  170  175
  186  205  234  268  299  319  329  334  340  350  359  366  372  381  393  405
  414  423  438  459  481  499  512  521  531  544  561  580  599  617  633  644
  648  647  645  644  643  639  627  603  566  517  466  422  388  359  330  305
  287  278  278  285  293  295  291  287  284
    15.0-180.0 180.0   5.0 450.0                            LAT/LON1/LON2/DLON/H
  279  277  277  279  277  271  257  239  221  208  199  189  180  174  174  179
  188  205  230  259  287  307  320  330  341  354  367  378  390  404  422  437
  445  453  468  490  511  526  535  541  547  558  572  590  608  623  634  638
  636  631  626  624  623  617  604  579  543  496  448  409  382  357  332  309
  293  285  284  286  289  291  287  282  279
    12.5-180.0 180.0   5.0 450.0                            LAT/LON1/LON2/DLON/H
  273  268  263  261  260  257  248  234  218  204  194  186  178  174  175  179
  186  201  222  247  272  292  309  324  341  358  374  388  405  426  448  464
  473  480  495  517  537  549  554  557  561  569  581  596  610  622  628  627
  620  610  603  601  599  594  581  558  525  481  437  402  379  360  339  318
  304  298  293  289  289  288  285  279  273
    10.0-180.0 180.0   5.0 450.0                            LAT/LON1/LON2/DLON/H
  269  260  252  245  241  239  234  224  209  197  187  180  176  174  173  175
  180  192  211  233  256  278  298  320  342  363  381  398  418  444  469  487
  495  501  515  537  555  563  566  567  571  577  586  596  608  616  618  614
  603  592  587  586  586  581  571  553  524  485  443  410  388  371  351  333
  319  311  304  295  290  288  284  277  269
     7.5-180.0 180.0   5.0 450.0                            LAT/LON1/LON2/DLON/H
  268  257  245  234  225  222  218  210  198  186  178  173  171  170  169  168
  170  181  198  220  242  266  291  317  345  367  386  404  428  457  483  501
  509  513  526  546  560  565  567  569  573  579  584  591  599  606  606  602
  594  587  585  586  587  586  580  567  543  507  466  431  406  387  368  350
  335  324  313  303  294  291  286  278  268
     5.0-180.0 180.0   5.0 450.0                            LAT/LON1/LON2/DLON/H
  269  259  244  228  215  207  204  197  187  176  168  165  164  163  161  158
  159  169  186  208  232  258  286  317  346  370  389  407  433  464  490  506
  512  516  526  540  550  554  556  560  567  572  575  578  584  590  593  593
  592  593  596  599  600  601  600  593  573  539  497  457  426  403  384  365
  347  332  320  309  301  297  292  281  269
     2.5-180.0 180.0   5.0 450.0                            LAT/LON1/LON2/DLON/H
  273  263  249  228  210  198  192  186  175  165  158  156  155  154  151  147
  148  158  176  199  225  254  284  317  348  371  388  405  432  462  487  501
  506  507  513  522  528  530  533  541  549  554  554  555  560  568  576  583
  592  602  611  615  616  618  621  616  599  567  522  477  439  412  392  373
  351  332  320  311  305  303  296  284  273
