data/corinthe/IONEX/igsg1640.15i
     1.0            IONOSPHERE MAPS     MIX                 IONEX VERSION / TYPE
cmpcmb v1.2          GRL/UWM            29-jun-15 23:09     PGM / RUN BY / DATE 
ionex file containing IGS COMBINED Ionosphere maps          COMMENT             
global ionosphere maps for day 164, 2015                    DESCRIPTION         
IONEX file containing the COMBINED IGS TEC MAPS and DCBs    DESCRIPTION         
      IONEX files of the following IAACs were combined: cod DESCRIPTION         
                                                        jpl DESCRIPTION         
Contact address: Andrzej Krankowski                         DESCRIPTION
                 Geodynamics Research Laboratory            DESCRIPTION
                 University of Warmia and Mazury (GRL/UWM)  DESCRIPTION
                 Oczapowski St. 1                           DESCRIPTION
                 10-957-Olsztyn, POLAND                     DESCRIPTION
                 e-mail:  kand@uwm.edu.pl                   DESCRIPTION
                                                            DESCRIPTION         
  2015     6    13     0     0     0                        EPOCH OF FIRST MAP  
  2015     6    14     0     0     0                        EPOCH OF LAST MAP   
  7200                                                      INTERVAL            
    13                                                      # OF MAPS IN FILE   
  COSZ                                                      MAPPING FUNCTION    
     0.0                                                    ELEVATION CUTOFF    
combined TEC calculated as weighted mean of input TEC valuesOBSERVABLES USED    
   318                                                      # OF STATIONS       
    32                                                      # OF SATELLITES     
  6371.0                                                    BASE RADIUS         
     2                                                      MAP DIMENSION       
   450.0 450.0   0.0                                        HGT1 / HGT2 / DHGT  
    87.5 -87.5  -2.5                                        LAT1 / LAT2 / DLAT  
  -180.0 180.0   5.0                                        LON1 / LON2 / DLON  
    -1                                                      EXPONENT            
TEC values in 0.1 tec units;  9999, if no value available   COMMENT             
DCB values in nanoseconds, reference is Sum_of_SatDCBs = 0  COMMENT             
                                                            END OF HEADER       
[from data line 1287]
     4                                                      START OF TEC MAP    
  2015     6    13     6     0     0                        EPOCH OF CURRENT MAP
    87.5-180.0 180.0   5.0 450.0                            LAT/LON1/LON2/DLON/H
  215  215  215  215  215  215  215  215  215  215  216  216  216  216  217  217
  217  217  217  217  217  217  216  216  215  215  214  214  213  213  213  212
  212  212  211  211  211  212  211  211  212  213  213  213  213  214  214  215
  216  216  217  217  218  218  218  218  218  218  218  218  218  218  218  218
  218  217  217  216  216  216  216  215  215
    85.0-180.0 180.0   5.0 450.0                            LAT/LON1/LON2/DLON/H
  211  211  211  211  211  211  211  212  212  213  215  215  217  218  219  220
  220  221  221  221  221  220  219  218  217  215  214  212  211  209  207  206
  206  205  204  204  204  204  204  205  206  207  209  210  212  214  215  217
  219  220  222  223  224  225  226  226  226  226  226  226  225  225  223  222
  221  220  218  217  216  215  213  212  211
    82.5-180.0 180.0   5.0 450.0                            LAT/LON1/LON2/DLON/H
  207  206  205  205  204  204  205  206  208  209  211  214  215  217  220  221
  223  224  225  225  224  223  221  219  216  213  210  207  204  201  199  197
  195  194  193  193  194  195  196  198  201  203  206  210  213  217  220  223
  226  229  231  234  235  236  238  238  238  238  237  236  235  233  231  229
  226  224  221  219  216  213  211  209  207
    80.0-180.0 180.0   5.0 450.0                            LAT/LON1/LON2/DLON/H
  204  202  201  199  199  199  199  200  201  203  206  209  212  215  218  221
  223  225  226  226  225  223  220  216  212  207  202  198  193  190  187  184
  183  182  181  183  184  186  190  193  197  202  207  212  218  223  228  232
  237  241  244  246  249  251  251  251  251  250  249  247  245  242  240  236
  233  229  225  221  217  214  210  208  204
    77.5-180.0 180.0   5.0 450.0                            LAT/LON1/LON2/DLON/H
  204  202  199  197  195  194  193  194  195  197  200  202  206  210  214  218
  221  223  224  223  222  219  214  209  202  196  189  184  179  175  172  170
  170  170  172  174  178  182  187  192  198  205  212  219  226  233  239  245
  251  255  258  260  262  263  263  262  261  260  258  256  254  250  247  243
  239  235  230  225  220  216  212  208  204
    75.0-180.0 180.0   5.0 450.0                            LAT/LON1/LON2/DLON/H
  207  204  200  197  194  192  190  189  189  190  191  195  198  203  207  212
  216  218  219  218  216  211  205  197  189  182  173  168  163  160  159  159
  161  163  167  172  177  182  189  196  204  212  220  229  238  246  253  259
  264  268  271  272  272  272  271  269  267  265  263  260  258  255  252  247
  244  240  235  230  225  220  215  211  207
    72.5-180.0 180.0   5.0 450.0                            LAT/LON1/LON2/DLON/H
  212  208  204  200  196  193  189  186  184  184  184  186  190  195  200  205
  209  212  213  212  208  201  193  184  174  165  157  151  148  148  150  154
  158  164  170  176  182  188  196  204  213  222  232  241  251  260  267  273
  277  279  280  279  278  276  273  270  267  264  262  259  257  254  252  250
  247  243  239  234  230  225  221  216  212
    70.0-180.0 180.0   5.0 450.0                            LAT/LON1/LON2/DLON/H
  218  214  210  205  201  195  190  185  182  179  179  180  182  187  192  198
  202  205  206  204  198  190  180  170  159  149  142  137  136  139  145  154
  163  171  179  186  193  199  206  214  223  234  244  255  265  274  281  285
  288  289  287  284  280  275  271  266  262  258  255  253  252  251  249  248
  246  244  241  237  233  230  225  222  218
    67.5-180.0 180.0   5.0 450.0                            LAT/LON1/LON2/DLON/H
  223  220  216  211  206  200  193  186  181  177  175  174  176  181  186  191
  195  198  198  195  188  179  168  157  146  136  130  127  129  136  146  159
  171  183  192  200  206  212  218  225  234  245  256  268  278  287  293  296
  297  294  291  285  279  272  266  259  254  249  246  245  244  243  243  244
  244  242  240  238  235  232  229  226  223
    65.0-180.0 180.0   5.0 450.0                            LAT/LON1/LON2/DLON/H
  227  225  221  217  212  206  198  190  183  176  173  171  173  175  180  185
  189  191  191  186  179  169  158  147  136  128  123  122  127  137  151  167
  183  196  206  214  219  223  228  235  244  254  267  279  290  297  303  304
  303  299  293  286  278  270  261  253  247  241  237  235  234  235  236  238
  239  239  238  237  235  233  231  229  227
    62.5-180.0 180.0   5.0 450.0                            LAT/LON1/LON2/DLON/H
  230  229  227  223  218  212  204  195  186  179  174  171  170  173  176  180
  182  183  182  177  168  159  149  139  130  124  121  122  129  141  157  175
  193  208  218  225  228  231  235  242  250  262  274  287  298  306  310  311
  308  303  296  288  279  270  261  252  243  237  231  229  227  228  229  231
  233  234  235  234  233  233  232  231  230
    60.0-180.0 180.0   5.0 450.0                            LAT/LON1/LON2/DLON/H
  233  233  232  230  225  219  210  200  191  183  176  172  170  171  172  174
  176  176  173  168  160  151  142  134  128  124  123  126  134  147  164  183
  200  215  225  230  233  236  239  246  255  266  280  292  304  312  316  317
  314  309  303  295  287  277  267  257  246  237  231  226  224  223  225  227
  229  231  232  232  232  232  233  233  233
    57.5-180.0 180.0   5.0 450.0                            LAT/LON1/LON2/DLON/H
  239  239  238  237  233  227  218  208  197  187  180  174  171  169  169  169
  169  169  166  160  153  145  138  134  130  129  129  133  141  154  170  188
  204  217  226  231  235  237  241  248  257  269  282  295  307  316  321  323
  322  319  314  309  301  293  281  269  256  244  235  229  225  224  224  226
  227  229  230  232  233  234  236  237  239
    55.0-180.0 180.0   5.0 450.0                            LAT/LON1/LON2/DLON/H
  245  247  247  246  243  237  227  216  204  193  184  177  172  168  165  163
  162  162  160  156  150  144  139  137  136  137  139  144  151  162  176  191
  205  217  224  229  232  236  241  249  258  270  282  295  308  319  327  331
  333  333  331  329  324  315  302  286  270  256  245  237  232  229  229  229
  231  232  233  235  237  239  241  244  245
    52.5-180.0 180.0   5.0 450.0                            LAT/LON1/LON2/DLON/H
  255  257  258  258  255  248  238  225  212  199  189  180  173  166  161  158
  158  158  157  155  151  147  144  144  146  148  151  155  161  170  181  193
  204  213  220  224  229  235  242  251  260  271  282  295  309  322  334  342
  348  351  353  354  351  341  326  307  287  271  258  249  243  240  238  238
  238  239  240  242  245  247  250  253  255
    50.0-180.0 180.0   5.0 450.0                            LAT/LON1/LON2/DLON/H
  267  270  271  271  269  262  250  236  221  207  193  182  172  164  157  154
  154  156  158  158  156  154  153  155  158  161  165  168  172  178  186  195
  203  210  214  219  225  234  244  255  264  273  283  296  312  328  344  357
  367  373  378  381  378  369  351  328  305  286  273  264  258  254  252  251
  250  251  252  253  256  259  262  265  267
    47.5-180.0 180.0   5.0 450.0                            LAT/LON1/LON2/DLON/H
  280  282  284  284  282  275  263  248  230  214  198  184  171  161  154  151
  152  157  161  164  164  163  163  166  171  175  178  180  182  185  190  196
  202  207  211  215  224  236  250  262  271  278  286  299  317  337  357  374
  387  396  402  405  403  393  372  347  322  302  289  281  276  272  268  267
  266  266  267  268  270  273  275  277  280
    45.0-180.0 180.0   5.0 450.0                            LAT/LON1/LON2/DLON/H
  292  294  296  297  295  288  275  258  239  221  203  187  172  160  152  150
  152  159  166  171  172  173  174  178  183  187  190  191  191  192  194  198
  203  206  209  215  225  241  258  273  282  286  292  304  324  348  372  393
  408  418  424  426  424  412  391  364  339  320  308  301  296  292  289  287
  285  285  285  286  287  287  289  290  292
    42.5-180.0 180.0   5.0 450.0                            LAT/LON1/LON2/DLON/H
  302  303  305  306  305  298  284  267  247  228  208  190  175  162  153  151
  155  163  171  176  179  180  183  187  193  198  199  200  198  198  199  202
  205  208  211  217  230  248  270  286  294  297  302  314  335  361  388  411
  427  436  442  443  440  429  408  383  361  343  333  326  321  317  313  310
  308  308  308  307  306  304  303  302  302
    40.0-180.0 180.0   5.0 450.0                            LAT/LON1/LON2/DLON/H
  312  312  312  313  312  305  292  275  254  234  214  197  180  167  159  157
  161  169  176  181  184  186  189  194  201  206  208  208  205  203  203  206
  210  214  217  224  237  259  283  301  309  311  314  326  347  376  404  427
  442  451  455  458  455  446  429  409  390  375  365  356  350  345  340  337
  335  335  334  332  328  324  319  315  312
    37.5-180.0 180.0   5.0 450.0                            LAT/LON1/LON2/DLON/H
  324  320  319  319  317  310  298  280  260  241  222  205  191  178  170  167
  170  175  181  184  186  189  193  201  209  215  216  215  212  209  209  212
  217  221  226  232  247  269  296  315  323  325  328  340  361  390  418  440
  453  462  468  472  474  470  459  446  432  419  407  396  385  376  370  366
  364  364  364  361  355  347  338  330  324
    35.0-180.0 180.0   5.0 450.0                            LAT/LON1/LON2/DLON/H
  341  333  329  326  323  317  305  287  268  249  232  219  206  195  186  182
  182  184  186  186  188  191  198  208  217  224  226  223  218  214  215  219
  225  230  234  241  255  279  306  327  337  339  342  354  376  403  428  448
  460  471  481  492  501  505  504  497  488  475  460  442  426  412  403  397
  396  396  397  393  385  374  361  351  341
    32.5-180.0 180.0   5.0 450.0                            LAT/LON1/LON2/DLON/H
  363  353  345  339  335  327  315  298  279  260  246  235  226  216  207  202
  199  197  194  191  191  196  205  217  229  236  237  233  227  221  220  224
  230  236  241  247  262  285  312  334  347  350  356  368  389  412  434  450
  463  479  497  518  538  553  561  562  556  541  520  495  471  451  437  430
  428  430  431  428  418  405  390  376  363
    30.0-180.0 180.0   5.0 450.0                            LAT/LON1/LON2/DLON/H
  393  381  370  361  353  344  332  315  295  277  265  257  250  241  232  225
  220  213  205  199  197  203  215  230  243  250  249  243  235  226  223  226
  231  236  242  250  265  287  313  336  351  359  366  378  397  417  435  448
  464  486  516  549  582  609  627  633  627  609  581  548  515  489  471  462
  459  461  464  462  452  438  422  407  393
    27.5-180.0 180.0   5.0 450.0                            LAT/LON1/LON2/DLON/H
  429  417  405  392  381  370  356  338  318  300  289  282  277  268  259  251
  243  234  222  212  210  216  230  245  259  265  261  252  239  228  221  220
  223  228  235  245  262  284  309  334  351  363  373  386  402  418  431  443
  462  492  534  581  625  661  686  695  689  667  632  593  555  523  501  489
  487  489  494  494  485  472  456  443  429
    25.0-180.0 180.0   5.0 450.0                            LAT/LON1/LON2/DLON/H
  470  460  446  430  415  400  385  367  347  329  318  312  306  297  286  278
  270  258  244  231  226  232  245  262  274  276  270  256  239  223  212  206
  206  211  219  234  253  277  302  326  346  362  376  389  403  415  424  437
  460  498  548  604  656  698  726  736  728  703  666  624  583  550  527  514
  509  513  519  520  514  502  489  479  470
    22.5-180.0 180.0   5.0 450.0                            LAT/LON1/LON2/DLON/H
  509  503  490  471  451  432  416  398  377  359  348  344  336  325  313  306
  298  286  269  254  247  250  262  276  284  283  271  252  231  211  194  184
  181  185  196  215  239  264  290  314  338  358  374  390  401  411  419  433
  459  502  555  613  665  707  734  744  735  710  675  636  599  569  545  531
  527  530  537  541  536  527  517  512  509
    20.0-180.0 180.0   5.0 450.0                            LAT/LON1/LON2/DLON/H
  542  541  529  507  482  459  442  425  405  388  378  373  364  350  338  332
  325  314  297  280  269  268  275  284  287  280  263  240  215  190  170  156
  151  155  169  192  221  248  275  301  327  351  371  388  400  409  418  433
  462  503  554  604  649  684  706  714  707  686  659  629  601  577  557  543
  538  542  549  554  552  544  538  539  542
    17.5-180.0 180.0   5.0 450.0                            LAT/LON1/LON2/DLON/H
  564  566  556  532  501  474  457  442  425  409  401  396  386  371  359  354
  350  339  322  303  288  281  282  285  282  269  247  220  193  166  144  128
  121  123  139  167  200  230  258  286  315  343  367  386  400  410  421  438
  467  504  544  580  610  635  652  658  655  643  627  611  596  580  564  551
  545  549  557  562  560  553  550  555  564
    15.0-180.0 180.0   5.0 450.0                            LAT/LON1/LON2/DLON/H
  573  578  567  540  504  476  459  447  433  419  413  409  400  386  374  370
  368  358  341  319  300  287  283  278  269  249  224  195  168  142  119  102
   92   95  112  141  176  210  240  271  303  334  362  385  402  416  430  450
  477  506  531  549  563  577  589  597  599  596  592  590  587  580  568  556
  551  554  561  565  563  557  554  562  573
    12.5-180.0 180.0   5.0 450.0                            LAT/LON1/LON2/DLON/H
  572  575  562  531  491  460  447  438  427  416  412  410  404  392  382  379
  376  367  349  325  302  284  274  264  249  226  197  169  142  119   99   82
   72   73   88  118  154  189  222  256  291  325  357  384  406  424  442  464
  488  509  520  522  524  530  540  549  557  562  569  576  582  581  572  561
  556  559  566  568  565  558  555  562  572
    10.0-180.0 180.0   5.0 450.0                            LAT/LON1/LON2/DLON/H
  565  564  545  508  465  435  424  420  410  400  398  400  397  389  382  378
  374  363  344  318  292  272  257  243  225  201  172  144  121  102   85   70
   59   58   71   99  134  171  206  242  279  317  351  382  408  430  452  476
  499  514  517  511  506  512  523  535  546  555  566  577  586  585  576  565
  561  564  570  571  567  560  555  560  565
     7.5-180.0 180.0   5.0 450.0                            LAT/LON1/LON2/DLON/H
  560  552  526  484  436  406  399  396  387  378  376  380  382  379  374  369
  362  348  327  300  272  250  234  219  201  176  149  123  105   90   77   64
   53   50   60   85  119  155  192  229  268  307  344  377  405  430  455  481
  505  521  524  520  520  531  547  560  569  577  585  592  595  590  580  569
  565  568  574  575  570  563  558  559  560
     5.0-180.0 180.0   5.0 450.0                            LAT/LON1/LON2/DLON/H
  558  544  514  465  416  388  381  378  366  353  350  356  362  363  360  353
  343  326  302  274  246  225  210  195  178  155  130  108   93   82   73   63
   53   48   55   76  108  142  179  217  256  295  332  365  394  420  448  477
  504  527  540  548  560  581  602  614  618  618  617  613  606  594  579  567
  564  568  574  577  573  567  563  561  558
     2.5-180.0 180.0   5.0 450.0                            LAT/LON1/LON2/DLON/H
  561  545  511  462  413  386  380  373  354  335  328  333  340  343  341  333
  319  299  274  246  219  199  186  173  157  138  117   98   87   79   72   64
   55   49   55   73  101  134  169  206  244  281  317  348  375  401  429  461
  496  529  559  584  613  646  670  679  674  663  650  632  611  588  569  556
  555  560  567  572  571  569  567  566  561
