data/corinthe/IONEX/igsg1640.15i
     1.0            IONOSPHERE MAPS     MIX                 IONEX VERSION / TYPE
cmpcmb v1.2          GRL/UWM            29-jun-15 23:09     PGM / RUN BY / DATE 
ionex file containing IGS COMBINED Ionosphere maps          COMMENT             
global ionosphere maps for day 164, 2015                    DESCRIPTION         
IONEX file containing the COMBINED IGS TEC MAPS and DCBs    DESCRIPTION         
      IONEX files of the following IAACs were combined: cod DESCRIPTION         
                                                        jpl DESCRIPTION         
Contact address: Andrzej Krankowski                         DESCRIPTION
                 Geodynamics Research Laboratory            DESCRIPTION
                 University of Warmia and Mazury (GRL/UWM)  DESCRIPTION
                 Oczapowski St. 1                           DESCRIPTION
                 10-957-Olsztyn, POLAND                     DESCRIPTION
                 e-mail:  kand@uwm.edu.pl                   DESCRIPTION
                                                            DESCRIPTION         
  2015     6    13     0     0     0                        EPOCH OF FIRST MAP  
  2015     6    14     0     0     0                        EPOCH OF LAST MAP   
  7200                                                      INTERVAL            
    13                                                      # OF MAPS IN FILE   
  COSZ                                                      MAPPING FUNCTION    
     0.0                                                    ELEVATION CUTOFF    
combined TEC calculated as weighted mean of input TEC valuesOBSERVABLES USED    
   318                                                      # OF STATIONS       
    32                                                      # OF SATELLITES     
  6371.0                                                    BASE RADIUS         
     2                                                      MAP DIMENSION       
   450.0 450.0   0.0                                        HGT1 / HGT2 / DHGT  
    87.5 -87.5  -2.5                                        LAT1 / LAT2 / DLAT  
  -180.0 180.0   5.0                                        LON1 / LON2 / DLON  
    -1                                                      EXPONENT            
TEC values in 0.1 tec units;  9999, if no value available   COMMENT             
DCB values in nanoseconds, reference is Sum_of_SatDCBs = 0  COMMENT             
                                                            END OF HEADER       
     1                                                      START OF TEC MAP    
  2015     6    13     0     0     0                        EPOCH OF CURRENT MAP
    87.5-180.0 180.0   5.0 450.0                            LAT/LON1/LON2/DLON/H
  198  198  198  198  198  197  197  197  197  197  197  196  196  195  195  194
  194  194  193  192  191  190  190  189  188  187  186  185  184  183  183  182
  181  181  180  180  180  180  180  180  180  181  181  182  183  184  184  185
  186  186  187  188  189  190  190  191  192  193  193  194  195  195  196  196
  197  197  197  197  198  198  198  198  198
    85.0-180.0 180.0   5.0 450.0                            LAT/LON1/LON2/DLON/H
  206  206  205  206  205  205  205  205  205  205  205  205  205  204  204  203
  202  201  200  198  197  196  194  192  190  188  186  184  182  180  178  177
  175  174  173  173  172  172  172  173  173  174  175  176  178  180  181  183
  185  186  189  191  192  194  195  197  198  200  201  202  203  204  205  206
  206  206  206  207  207  206  206  206  206
    82.5-180.0 180.0   5.0 450.0                            LAT/LON1/LON2/DLON/H
  212  212  212  211  212  211  211  212  212  213  213  213  214  214  214  213
  213  211  210  208  206  204  200  198  194  190  187  184  180  178  175  172
  170  169  168  167  167  167  167  168  169  170  172  175  178  180  182  185
  188  190  193  196  198  201  203  205  206  209  210  211  212  213  214  215
  215  215  215  215  215  214  214  214  212
    80.0-180.0 180.0   5.0 450.0                            LAT/LON1/LON2/DLON/H
  218  217  216  216  215  215  216  217  217  219  220  221  222  224  225  224
  224  223  221  219  215  212  208  203  198  193  188  184  179  176  172  170
  167  165  165  164  164  164  165  167  169  171  174  176  180  183  186  189
  193  196  199  202  205  208  211  213  214  217  218  219  220  221  222  222
  223  222  222  222  222  221  220  219  218
    77.5-180.0 180.0   5.0 450.0                            LAT/LON1/LON2/DLON/H
  221  220  219  219  218  218  218  220  221  223  227  229  231  233  235  236
  235  234  232  229  224  219  213  207  201  194  189  183  178  174  171  168
  166  165  164  165  165  166  167  169  172  174  178  181  184  189  192  195
  199  203  205  208  212  214  217  219  220  221  224  224  225  226  226  227
  227  227  227  227  226  225  224  223  221
    75.0-180.0 180.0   5.0 450.0                            LAT/LON1/LON2/DLON/H
  224  222  221  220  219  219  220  222  225  228  233  236  240  242  245  246
  245  243  240  236  230  224  217  209  202  194  188  182  177  174  171  170
  169  169  169  169  170  171  173  175  177  180  183  187  190  194  197  201
  205  207  211  213  216  218  220  222  224  225  225  226  227  227  228  228
  229  228  229  229  228  228  227  225  224
    72.5-180.0 180.0   5.0 450.0                            LAT/LON1/LON2/DLON/H
  225  223  221  220  220  220  221  224  228  232  238  243  247  251  253  253
  253  250  247  241  235  227  219  210  202  194  187  182  178  175  174  175
  175  177  178  178  179  180  180  181  183  185  188  192  195  199  202  206
  208  211  214  216  218  220  222  223  224  225  226  226  226  226  226  227
  227  227  228  229  228  228  228  227  225
    70.0-180.0 180.0   5.0 450.0                            LAT/LON1/LON2/DLON/H
  226  224  222  220  220  220  222  225  230  236  242  247  252  256  258  259
  258  256  252  246  239  231  222  212  203  196  189  184  181  180  181  184
  186  188  189  189  188  188  187  186  186  188  190  193  197  201  204  207
  210  212  215  216  219  220  221  223  224  225  225  225  224  224  224  224
  225  225  226  227  228  228  229  227  226
    67.5-180.0 180.0   5.0 450.0                            LAT/LON1/LON2/DLON/H
  227  225  223  221  220  220  223  226  231  238  244  250  255  259  261  262
  261  259  255  250  243  235  227  217  209  201  195  191  189  190  192  195
  198  200  200  199  197  193  190  187  186  187  189  192  196  200  204  207
  210  212  214  215  217  219  221  223  225  225  225  225  224  224  223  222
  223  223  224  226  228  228  228  228  227
    65.0-180.0 180.0   5.0 450.0                            LAT/LON1/LON2/DLON/H
  229  226  224  221  220  220  222  226  231  237  244  250  255  258  261  262
  262  260  258  254  248  242  234  226  218  212  207  203  202  203  206  208
  211  211  210  206  201  195  189  184  182  182  183  187  192  197  202  205
  208  210  212  213  216  218  221  224  226  228  229  227  227  225  224  223
  223  223  224  226  227  229  230  229  229
    62.5-180.0 180.0   5.0 450.0                            LAT/LON1/LON2/DLON/H
  231  229  227  224  222  221  222  225  229  234  241  246  251  255  258  260
  260  260  259  257  254  250  245  239  232  227  222  220  219  219  221  221
  222  219  215  208  200  192  184  178  174  174  176  181  186  192  197  201
  205  207  209  211  213  217  221  226  230  232  234  233  231  229  227  225
  225  225  226  228  230  231  233  233  231
    60.0-180.0 180.0   5.0 450.0                            LAT/LON1/LON2/DLON/H
  237  235  233  229  226  224  223  224  227  231  235  241  246  249  253  255
  257  259  260  260  260  259  256  253  248  244  241  238  236  235  234  232
  229  223  215  206  195  185  176  170  167  166  169  173  179  186  192  197
  201  204  206  209  212  216  222  228  234  239  240  240  239  236  233  230
  229  229  230  232  234  235  237  237  237
    57.5-180.0 180.0   5.0 450.0                            LAT/LON1/LON2/DLON/H
  244  244  241  238  233  230  227  226  226  228  230  235  238  243  246  249
  252  255  259  262  265  266  266  265  262  260  257  255  252  249  245  239
  232  222  211  199  187  177  168  163  161  161  163  168  173  180  186  192
  197  201  204  206  211  216  223  231  239  245  248  248  246  243  240  238
  236  236  237  239  240  242  244  245  244
    55.0-180.0 180.0   5.0 450.0                            LAT/LON1/LON2/DLON/H
  256  255  254  250  246  240  236  231  228  227  227  229  232  237  241  244
  247  251  256  262  267  271  273  274  273  272  270  268  264  259  252  242
  231  218  204  191  179  169  163  159  158  159  161  164  169  174  180  186
  192  196  200  204  209  216  224  234  243  251  254  256  254  251  248  245
  245  246  248  249  251  253  254  255  256
    52.5-180.0 180.0   5.0 450.0                            LAT/LON1/LON2/DLON/H
  271  271  270  268  263  256  249  242  234  230  227  227  230  234  238  241
  244  248  254  260  267  273  276  278  278  278  277  276  271  264  254  241
  227  212  197  183  173  166  162  160  160  161  163  164  166  169  174  180
  187  192  197  202  207  215  225  236  246  254  260  261  260  258  255  254
  256  259  262  264  266  267  267  269  271
    50.0-180.0 180.0   5.0 450.0                            LAT/LON1/LON2/DLON/H
  289  291  291  289  284  276  267  257  247  239  233  231  232  237  240  243
  245  247  253  260  267  273  276  278  278  279  280  278  273  265  253  238
  222  207  193  180  172  167  166  166  168  168  168  167  166  166  169  175
  182  188  194  200  206  215  225  237  248  257  263  266  266  264  263  265
  268  274  279  284  286  286  287  287  289
    47.5-180.0 180.0   5.0 450.0                            LAT/LON1/LON2/DLON/H
  312  315  315  314  308  300  291  278  265  253  244  240  241  245  249  251
  251  252  256  262  269  274  276  276  276  277  277  277  272  262  249  235
  220  206  193  182  176  173  174  177  179  179  177  173  169  166  166  170
  176  184  192  199  206  215  226  238  249  259  266  270  271  271  272  276
  284  293  302  307  310  310  309  310  312
    45.0-180.0 180.0   5.0 450.0                            LAT/LON1/LON2/DLON/H
  338  341  342  340  335  328  317  303  289  274  262  257  257  261  264  265
  263  263  265  269  275  277  277  275  273  274  275  274  269  259  245  232
  220  209  199  190  186  185  188  191  194  194  190  183  175  169  166  168
  174  181  190  198  207  217  228  240  252  262  270  274  278  280  284  291
  302  315  327  335  338  337  335  336  338
    42.5-180.0 180.0   5.0 450.0                            LAT/LON1/LON2/DLON/H
  366  370  371  369  364  356  345  332  316  299  286  279  279  283  286  286
  283  280  280  283  286  286  283  278  274  272  273  272  266  256  244  232
  224  217  211  205  202  202  204  208  212  212  207  197  186  176  170  170
  174  181  189  198  208  220  232  244  255  265  274  281  286  292  298  309
  322  339  353  364  368  367  365  364  366
    40.0-180.0 180.0   5.0 450.0                            LAT/LON1/LON2/DLON/H
  396  400  401  398  392  385  375  363  347  329  315  306  306  310  314  313
  307  303  302  302  303  301  294  286  279  276  276  274  268  257  245  237
  233  232  230  226  223  222  223  227  230  231  226  215  202  189  179  176
  177  182  189  199  210  222  235  248  259  270  280  289  298  306  314  327
  344  363  380  392  398  398  395  394  396
    37.5-180.0 180.0   5.0 450.0                            LAT/LON1/LON2/DLON/H
  427  431  431  427  421  414  405  394  379  362  347  339  338  341  344  342
  336  329  326  326  325  320  311  299  290  286  284  280  272  261  250  246
  247  251  252  250  246  243  242  245  249  252  247  236  221  206  194  187
  184  185  190  199  210  224  239  251  263  275  287  299  311  321  332  346
  364  384  402  418  425  426  423  423  427
    35.0-180.0 180.0   5.0 450.0                            LAT/LON1/LON2/DLON/H
  455  461  461  457  450  442  436  427  413  397  382  374  373  376  377  374
  366  357  353  352  349  343  331  318  307  300  297  291  282  269  259  256
  261  270  274  273  268  262  260  262  268  272  269  259  243  226  211  200
  193  190  191  198  210  224  239  252  264  278  292  308  323  337  349  364
  381  400  420  437  447  450  449  450  455
    32.5-180.0 180.0   5.0 450.0                            LAT/LON1/LON2/DLON/H
  482  490  491  486  478  471  466  459  449  435  421  413  411  413  412  406
  396  386  380  377  374  366  354  339  327  319  315  307  294  280  269  267
  273  284  290  290  283  276  273  276  283  290  290  281  265  246  228  213
  202  194  191  195  206  221  237  251  264  279  297  316  334  349  362  375
  390  409  429  448  462  468  470  474  482
    30.0-180.0 180.0   5.0 450.0                            LAT/LON1/LON2/DLON/H
  506  516  519  515  507  500  497  493  485  473  461  454  452  451  447  439
  426  413  405  401  396  388  375  361  349  340  333  322  306  288  275  272
  278  289  296  296  291  283  281  285  295  303  305  297  281  261  242  224
  208  196  189  190  199  214  231  247  261  279  300  321  341  357  369  380
  393  409  429  450  467  478  485  494  506
    27.5-180.0 180.0   5.0 450.0                            LAT/LON1/LON2/DLON/H
  524  538  545  541  534  529  527  526  522  513  503  497  493  490  483  471
  455  439  428  421  414  406  393  380  368  358  348  333  313  292  276  269
  272  282  289  291  287  282  281  288  299  309  312  304  288  267  246  227
  209  194  184  182  190  205  223  240  257  277  300  324  345  360  371  380
  389  403  422  444  465  481  494  508  524
    25.0-180.0 180.0   5.0 450.0                            LAT/LON1/LON2/DLON/H
  536  555  565  565  560  556  556  558  557  551  544  538  534  528  519  503
  483  464  448  437  427  417  406  394  382  371  357  337  313  288  267  256
  255  260  269  275  274  273  275  283  295  304  307  299  282  261  241  221
  204  188  176  172  180  195  215  234  253  275  300  324  345  360  369  375
  382  393  411  434  458  479  496  515  536
    22.5-180.0 180.0   5.0 450.0                            LAT/LON1/LON2/DLON/H
  540  563  578  582  580  578  579  584  587  585  580  576  572  564  552  534
  511  488  467  449  435  422  411  400  387  373  355  330  301  273  248  233
  227  230  240  251  255  259  264  273  283  289  290  281  265  245  226  208
  192  177  166  162  168  185  206  228  251  274  300  324  344  358  365  370
  375  384  401  424  450  474  494  515  540
    20.0-180.0 180.0   5.0 450.0                            LAT/LON1/LON2/DLON/H
  537  564  584  592  593  593  596  602  607  609  607  605  602  595  582  562
  537  509  483  458  438  422  411  398  384  365  341  312  280  250  224  205
  196  198  210  224  235  243  250  257  263  265  263  253  239  221  205  190
  176  164  153  150  157  175  199  225  250  275  300  323  342  355  362  367
  372  381  397  420  445  469  490  512  537
    17.5-180.0 180.0   5.0 450.0                            LAT/LON1/LON2/DLON/H
  531  558  581  593  597  598  603  610  617  621  622  623  621  616  603  583
  558  528  496  465  438  418  404  390  371  346  316  284  252  222  198  180
  170  171  184  203  218  229  237  240  239  236  230  221  208  195  181  168
  158  148  139  137  146  166  193  223  251  278  303  325  343  355  363  368
  376  386  403  424  447  468  487  506  531
    15.0-180.0 180.0   5.0 450.0                            LAT/LON1/LON2/DLON/H
  524  551  575  588  593  596  601  608  616  620  623  626  627  624  614  596
  572  542  506  468  435  410  392  375  352  320  284  250  220  195  176  162
  153  155  169  189  207  220  227  224  216  207  199  190  180  170  159  149
  139  131  125  125  136  156  187  221  253  281  305  327  345  359  369  377
  387  401  417  437  457  472  486  502  524
    12.5-180.0 180.0   5.0 450.0                            LAT/LON1/LON2/DLON/H
  520  545  568  581  586  589  593  600  606  609  612  616  619  619  612  598
  577  548  510  469  429  400  378  356  327  289  250  216  190  173  161  154
  150  153  166  186  203  217  220  212  197  183  174  167  160  152  143  133
  124  116  112  113  125  148  180  218  254  284  309  331  351  367  380  392
  405  420  438  457  473  483  490  501  520
    10.0-180.0 180.0   5.0 450.0                            LAT/LON1/LON2/DLON/H
  523  544  564  576  579  580  584  589  592  592  594  597  601  602  598  588
  572  546  508  463  419  386  360  334  300  258  217  185  166  158  157  158
  159  163  175  191  206  218  219  206  185  168  158  153  148  142  133  122
  112  103  100  102  114  138  172  212  252  285  312  336  359  380  396  411
  426  443  461  480  492  498  500  507  523
     7.5-180.0 180.0   5.0 450.0                            LAT/LON1/LON2/DLON/H
  534  553  569  577  578  577  579  580  579  576  575  576  579  580  577  570
  558  535  498  451  405  369  340  309  272  228  188  161  150  152  160  170
  176  181  191  202  214  223  221  205  181  161  150  147  144  138  128  115
  103   93   89   92  103  127  161  204  246  283  312  340  368  394  414  432
  447  463  483  501  513  516  516  520  534
     5.0-180.0 180.0   5.0 450.0                            LAT/LON1/LON2/DLON/H
  554  571  584  588  586  582  580  578  573  566  561  559  558  557  553  548
  538  516  480  433  385  347  316  285  246  204  168  148  144  153  169  185
  196  202  207  215  222  228  224  205  179  159  149  146  144  139  127  112
   97   85   80   82   93  114  149  193  237  277  310  342  374  405  430  449
  463  477  497  518  532  535  536  541  554
     2.5-180.0 180.0   5.0 450.0                            LAT/LON1/LON2/DLON/H
  580  597  608  608  602  595  590  584  575  565  556  551  547  542  535  527
  515  493  456  408  361  323  292  261  224  187  159  146  147  160  179  199
  211  217  221  223  226  228  224  204  178  158  148  146  144  137  125  108
   92   79   72   73   81  102  135  179  225  267  303  339  376  410  438  457
  469  481  502  527  544  552  557  565  580
