data/corinthe/IONEX/igsg1700.15i
     1.0            IONOSPHERE MAPS     MIX                 IONEX VERSION / TYPE
cmpcmb v1.2          GRL/UWM             7-jul-15 17:26     PGM / RUN BY / DATE 
ionex file containing IGS COMBINED Ionosphere maps          COMMENT             
global ionosphere maps for day 170, 2015                    DESCRIPTION         
IONEX file containing the COMBINED IGS TEC MAPS and DCBs    DESCRIPTION         
      IONEX files of the following IAACs were combined: cod DESCRIPTION         
                                                        jpl DESCRIPTION         
Contact address: Andrzej Krankowski                         DESCRIPTION
                 Geodynamics Research Laboratory            DESCRIPTION
                 University of Warmia and Mazury (GRL/UWM)  DESCRIPTION
                 Oczapowski St. 1                           DESCRIPTION
                 10-957-Olsztyn, POLAND                     DESCRIPTION
                 e-mail:  kand@uwm.edu.pl                   DESCRIPTION
                                                            DESCRIPTION         
  2015     6    19     0     0     0                        EPOCH OF FIRST MAP  
  2015     6    20     0     0     0                        EPOCH OF LAST MAP   
  7200                                                      INTERVAL            
    13                                                      # OF MAPS IN FILE   
  COSZ                                                      MAPPING FUNCTION    
     0.0                                                    ELEVATION CUTOFF    
combined TEC calculated as weighted mean of input TEC valuesOBSERVABLES USED    
   316                                                      # OF STATIONS       
    32                                                      # OF SATELLITES     
  6371.0                                                    BASE RADIUS         
     2                                                      MAP DIMENSION       
   450.0 450.0   0.0                                        HGT1 / HGT2 / DHGT  
    87.5 -87.5  -2.5                                        LAT1 / LAT2 / DLAT  
  -180.0 180.0   5.0                                        LON1 / LON2 / DLON  
    -1                                                      EXPONENT            
TEC values in 0.1 tec units;  9999, if no value available   COMMENT             
DCB values in nanoseconds, reference is Sum_of_SatDCBs = 0  COMMENT             
                                                            END OF HEADER       
[from data line 3003]
     8                                                      START OF TEC MAP    
  2015     6    19    14     0     0                        EPOCH OF CURRENT MAP
    87.5-180.0 180.0   5.0 450.0                            LAT/LON1/LON2/DLON/H
  171  171  171  171  172  172  172  172  173  173  173  173  173  173  173  173
  173  174  174  173  173  173  173  173  173  173  173  173  173  172  171  171
  171  171  171  171  171  170  170  170  170  170  170  170  170  170  170  170
  170  169  169  170  170  169  170  170  170  170  170  170  170  170  170  170
  170  170  170  170  170  171  171  171  171
    85.0-180.0 180.0   5.0 450.0                            LAT/LON1/LON2/DLON/H
  169  169  170  170  171  172  172  173  173  174  174  174  175  175  175  176
  176  176  175  175  175  175  175  175  175  174  175  174  173  173  172  172
  171  171  170  170  170  170  170  169  169  169  169  169  170  170  170  170
  170  170  170  170  170  170  170  170  170  170  170  169  169  169  168  168
  168  168  168  168  168  168  169  169  169
    82.5-180.0 180.0   5.0 450.0                            LAT/LON1/LON2/DLON/H
  166  167  167  168  169  169  170  171  171  172  173  173  174  175  175  175
  175  175  175  176  176  176  176  176  176  176  175  175  174  174  174  172
  172  171  171  170  170  169  169  169  169  169  170  170  171  171  172  172
  173  173  173  173  173  173  172  172  172  171  171  170  169  169  168  167
  167  166  166  165  165  165  165  166  166
    80.0-180.0 180.0   5.0 450.0                            LAT/LON1/LON2/DLON/H
  161  162  163  164  164  166  166  168  169  169  170  171  171  172  172  173
  173  174  174  175  175  175  176  176  176  176  176  176  176  175  175  174
  173  173  172  171  170  170  169  169  170  170  171  172  173  175  176  176
  177  178  178  177  177  177  176  176  175  174  173  172  171  169  168  166
  165  164  163  162  161  161  161  161  161
    77.5-180.0 180.0   5.0 450.0                            LAT/LON1/LON2/DLON/H
  157  157  158  159  160  161  162  164  164  165  166  166  167  168  169  169
  170  170  171  172  172  173  173  174  174  175  176  177  177  177  178  177
  176  175  174  173  172  171  171  170  171  172  174  175  177  179  181  182
  183  183  183  183  182  182  181  180  179  178  177  175  174  171  169  167
  165  163  160  159  158  157  156  156  157
    75.0-180.0 180.0   5.0 450.0                            LAT/LON1/LON2/DLON/H
  152  153  154  155  156  157  159  160  161  161  163  163  163  164  165  165
  165  166  167  167  168  169  170  171  172  173  174  176  177  179  179  180
  180  179  178  176  175  174  173  173  173  175  177  179  181  184  186  186
  188  187  187  186  185  185  184  184  184  183  182  181  179  176  173  170
  167  163  160  158  155  154  153  152  152
    72.5-180.0 180.0   5.0 450.0                            LAT/LON1/LON2/DLON/H
  149  149  150  152  153  155  157  158  159  160  161  161  161  161  162  163
  163  163  164  164  165  165  166  167  168  169  171  174  176  178  180  181
  182  182  181  179  178  176  175  174  175  177  179  182  185  187  189  190
  190  189  188  187  186  186  187  188  189  189  189  188  186  183  180  176
  172  167  162  159  156  153  151  150  149
    70.0-180.0 180.0   5.0 450.0                            LAT/LON1/LON2/DLON/H
  148  148  148  150  151  153  156  158  159  160  161  162  162  162  162  162
  163  163  163  163  164  164  163  164  164  166  168  170  173  176  178  181
  182  183  182  181  179  177  176  176  177  179  182  184  188  190  191  191
  190  189  187  185  185  186  188  191  194  196  198  198  197  193  189  184
  178  173  167  162  158  154  152  150  148
    67.5-180.0 180.0   5.0 450.0                            LAT/LON1/LON2/DLON/H
  148  147  147  148  150  153  156  159  161  163  164  165  165  165  165  165
  165  165  165  165  165  164  163  161  161  162  164  167  169  173  176  179
  181  182  182  181  179  177  177  177  178  180  183  186  189  191  191  190
  188  185  184  182  183  186  190  195  201  205  209  210  209  206  201  195
  187  180  174  167  162  157  153  150  148
    65.0-180.0 180.0   5.0 450.0                            LAT/LON1/LON2/DLON/H
  149  146  146  147  148  152  156  160  164  167  168  170  169  170  170  169
  170  170  171  170  169  167  164  161  160  159  160  163  166  170  174  177
  179  181  180  179  178  177  176  176  178  181  184  188  190  191  190  188
  185  181  179  179  181  186  194  202  210  217  222  224  223  220  213  206
  197  188  180  172  166  161  156  152  149
    62.5-180.0 180.0   5.0 450.0                            LAT/LON1/LON2/DLON/H
  149  146  144  144  146  150  155  160  165  169  172  173  174  175  175  175
  175  176  176  176  175  171  167  163  160  159  159  161  165  168  172  176
  178  179  179  177  177  176  176  177  179  183  187  189  191  191  189  185
  181  178  176  177  182  189  199  210  221  229  235  237  236  231  224  215
  205  195  185  177  170  164  159  153  149
    60.0-180.0 180.0   5.0 450.0                            LAT/LON1/LON2/DLON/H
  149  144  141  140  141  146  152  159  164  169  173  175  177  178  179  180
  181  182  182  181  180  176  171  166  162  160  160  162  166  169  173  176
  178  178  178  177  176  176  177  179  182  186  190  192  193  192  189  184
  180  176  175  178  184  194  207  220  231  241  246  248  246  240  232  221
  210  198  187  179  172  166  160  155  149
    57.5-180.0 180.0   5.0 450.0                            LAT/LON1/LON2/DLON/H
  147  141  136  134  135  139  146  154  161  167  172  175  178  180  182  184
  185  186  186  185  183  180  175  170  166  163  163  165  169  173  176  179
  181  180  179  178  177  178  180  182  187  191  195  197  197  195  191  186
  181  178  178  181  190  201  215  228  241  250  255  255  252  244  235  223
  210  198  187  178  171  166  160  154  147
    55.0-180.0 180.0   5.0 450.0                            LAT/LON1/LON2/DLON/H
  145  138  132  128  128  131  138  147  155  161  167  173  177  181  185  187
  188  189  188  187  186  183  179  174  170  168  168  170  173  178  182  184
  184  183  182  181  181  182  185  188  192  197  201  203  203  200  195  191
  187  184  184  189  198  209  223  237  247  254  258  256  252  243  232  220
  207  194  183  175  168  163  158  152  145
    52.5-180.0 180.0   5.0 450.0                            LAT/LON1/LON2/DLON/H
  142  134  127  121  120  124  130  139  147  155  161  169  175  181  187  190
  191  190  189  187  186  185  182  179  175  173  174  177  180  184  187  189
  189  188  186  186  187  190  193  196  200  205  209  210  209  207  202  198
  194  193  194  198  207  217  230  241  250  255  256  253  246  237  226  214
  202  190  179  171  165  160  155  149  142
    50.0-180.0 180.0   5.0 450.0                            LAT/LON1/LON2/DLON/H
  139  130  122  116  114  117  123  132  140  148  155  164  174  184  191  196
  196  195  191  189  189  188  186  184  181  180  180  183  187  190  192  193
  192  192  192  193  196  200  204  207  211  214  217  218  217  214  211  208
  206  205  207  210  216  224  234  244  250  253  251  246  238  229  219  208
  196  186  175  167  161  156  152  145  139
    47.5-180.0 180.0   5.0 450.0                            LAT/LON1/LON2/DLON/H
  135  127  119  112  110  112  118  125  133  141  151  163  177  189  200  206
  206  203  198  194  194  193  192  190  188  186  187  189  193  195  196  196
  195  196  198  202  207  212  217  220  223  225  227  227  225  222  220  218
  218  218  220  222  225  230  238  244  249  249  246  240  232  223  214  204
  195  184  174  166  159  153  148  142  135
    45.0-180.0 180.0   5.0 450.0                            LAT/LON1/LON2/DLON/H
  133  125  116  110  108  110  115  122  129  138  149  164  181  199  212  220
  221  217  211  205  204  203  202  199  196  194  194  195  198  198  197  197
  198  201  207  214  222  229  233  236  237  238  237  236  233  230  229  229
  230  231  233  233  234  236  240  244  247  246  242  235  229  221  214  206
  197  188  178  168  160  153  147  140  133
    42.5-180.0 180.0   5.0 450.0                            LAT/LON1/LON2/DLON/H
  132  124  116  110  108  109  115  121  129  138  150  169  190  212  229  239
  242  236  229  223  219  217  215  210  206  203  203  202  202  201  199  199
  202  209  219  231  241  249  254  256  255  253  250  246  242  239  238  240
  242  244  246  244  242  241  243  246  247  245  241  234  229  224  219  213
  205  196  185  174  164  156  148  140  132
    40.0-180.0 180.0   5.0 450.0                            LAT/LON1/LON2/DLON/H
  134  125  118  112  109  111  115  123  130  139  154  176  201  226  247  260
  264  260  251  244  239  235  229  223  218  214  212  211  209  205  203  203
  209  221  237  253  266  275  280  281  278  272  266  259  254  250  249  251
  255  258  258  256  251  247  247  248  249  247  242  237  233  230  228  224
  217  207  194  182  171  161  153  144  134
    37.5-180.0 180.0   5.0 450.0                            LAT/LON1/LON2/DLON/H
  139  130  121  115  113  114  119  124  133  143  160  184  211  240  263  279
  285  282  275  266  260  254  246  238  231  227  225  222  218  213  211  213
  224  241  262  282  296  306  311  310  305  296  287  277  269  264  262  264
  268  272  272  268  262  256  252  253  252  250  245  240  237  237  236  234
  227  217  203  190  179  170  160  150  139
    35.0-180.0 180.0   5.0 450.0                            LAT/LON1/LON2/DLON/H
  148  137  127  121  118  119  122  127  135  147  165  190  220  250  275  293
  302  302  295  286  278  270  262  253  246  242  240  238  231  226  224  230
  246  269  293  315  331  340  344  342  336  325  313  300  289  282  279  281
  285  288  288  283  274  265  260  257  255  252  246  241  239  240  241  239
  233  222  209  196  186  178  169  158  148
    32.5-180.0 180.0   5.0 450.0                            LAT/LON1/LON2/DLON/H
  157  146  136  129  126  126  128  132  139  150  169  195  225  255  281  300
  312  315  309  299  291  283  275  267  262  260  259  255  249  243  243  253
  273  301  328  351  366  374  378  377  369  357  341  326  314  305  301  302
  305  307  305  298  287  275  267  261  256  250  243  237  235  236  237  235
  230  220  208  198  191  185  177  167  157
    30.0-180.0 180.0   5.0 450.0                            LAT/LON1/LON2/DLON/H
  166  155  146  139  136  136  136  137  142  153  171  196  226  255  280  301
  315  320  316  306  297  290  285  280  277  278  278  276  270  264  266  280
  305  336  365  385  397  405  409  408  401  388  371  355  342  334  329  329
  329  329  325  315  301  286  273  263  255  246  236  228  225  225  226  224
  218  209  200  194  190  188  182  175  166
    27.5-180.0 180.0   5.0 450.0                            LAT/LON1/LON2/DLON/H
  173  164  155  150  148  147  145  144  146  154  171  195  224  252  277  298
  314  320  317  307  298  293  291  291  293  296  299  298  292  288  292  309
  337  369  397  415  424  430  434  434  427  414  398  383  373  366  362  360
  357  354  345  332  314  294  277  263  250  238  226  216  210  209  209  206
  200  193  186  184  185  186  184  180  173
    25.0-180.0 180.0   5.0 450.0                            LAT/LON1/LON2/DLON/H
  177  170  164  160  160  159  156  152  150  155  170  193  220  246  270  290
  307  315  312  303  295  293  296  301  306  313  318  318  314  313  319  338
  367  399  425  437  442  446  450  451  445  433  419  408  402  399  397  393
  387  378  364  346  323  300  278  259  243  228  213  201  194  192  190  186
  180  174  170  171  176  181  182  181  177
    22.5-180.0 180.0   5.0 450.0                            LAT/LON1/LON2/DLON/H
  177  174  169  168  169  171  167  160  155  157  168  189  215  240  262  283
  300  309  306  298  291  293  300  310  319  328  334  337  335  336  344  365
  393  422  444  451  452  453  457  459  454  444  434  428  429  431  431  424
  414  399  380  356  328  301  275  253  235  218  202  188  180  176  173  169
  163  158  156  158  165  173  177  178  177
    20.0-180.0 180.0   5.0 450.0                            LAT/LON1/LON2/DLON/H
  174  173  170  171  174  177  175  167  159  158  167  185  209  233  255  275
  293  302  301  293  289  294  305  318  330  340  347  351  353  357  368  387
  413  439  455  458  454  453  458  459  455  447  442  443  450  458  458  450
  435  415  390  360  328  297  269  246  227  210  193  179  170  165  163  159
  153  147  144  148  156  165  170  173  174
    17.5-180.0 180.0   5.0 450.0                            LAT/LON1/LON2/DLON/H
  169  169  167  168  174  180  179  172  163  158  165  182  204  227  248  269
  287  296  296  291  290  297  311  326  339  350  357  363  368  375  387  406
  428  450  461  459  452  450  454  455  451  446  447  453  466  477  478  467
  447  423  393  359  323  290  261  238  220  205  190  175  166  161  159  156
  151  144  140  142  149  157  163  167  169
    15.0-180.0 180.0   5.0 450.0                            LAT/LON1/LON2/DLON/H
  161  160  160  161  167  176  178  172  163  158  162  177  198  220  241  262
  280  290  293  291  293  303  318  334  348  358  365  372  380  391  404  420
  438  454  461  457  449  447  451  452  449  447  450  462  477  488  487  473
  450  422  390  353  314  280  252  231  215  202  189  176  167  163  162  160
  155  146  140  140  145  153  158  160  161
    12.5-180.0 180.0   5.0 450.0                            LAT/LON1/LON2/DLON/H
  153  150  149  149  156  167  172  169  160  154  157  171  191  212  233  255
  273  286  292  293  298  309  326  342  355  364  372  380  391  404  418  431
  444  456  460  456  450  450  453  454  451  451  457  469  483  489  485  468
  444  415  382  343  303  269  243  224  211  201  191  180  172  169  168  167
  162  152  143  140  143  149  153  155  153
    10.0-180.0 180.0   5.0 450.0                            LAT/LON1/LON2/DLON/H
  145  140  135  135  142  153  160  159  153  148  150  163  182  202  224  246
  267  282  291  296  303  316  333  349  362  371  379  388  401  416  430  441
  450  457  460  459  457  460  463  463  461  461  467  475  482  483  474  455
  431  403  370  330  291  258  234  218  207  199  192  185  178  176  175  174
  169  158  147  141  141  146  150  150  145
     7.5-180.0 180.0   5.0 450.0                            LAT/LON1/LON2/DLON/H
  139  130  124  122  127  137  145  146  142  139  141  153  172  193  214  238
  260  279  290  299  308  322  339  355  368  378  386  397  412  427  441  449
  454  459  463  468  472  478  481  479  475  473  476  478  477  469  455  435
  411  385  353  316  278  247  226  211  201  195  191  187  182  179  178  177
  173  162  149  141  138  142  146  145  139
     5.0-180.0 180.0   5.0 450.0                            LAT/LON1/LON2/DLON/H
  135  125  116  112  114  122  128  131  129  127  131  143  161  182  205  230
  254  275  290  301  311  325  342  359  374  384  394  407  423  439  451  457
  460  464  471  482  493  502  502  496  489  484  480  475  464  449  431  411
  389  365  334  298  262  234  216  202  192  186  185  184  182  179  177  176
  172  162  149  139  134  138  143  143  135
     2.5-180.0 180.0   5.0 450.0                            LAT/LON1/LON2/DLON/H
  134  123  114  107  106  110  114  117  116  115  119  131  150  172  197  223
  249  272  289  302  312  327  344  363  378  391  402  416  433  449  460  464
  465  469  480  497  514  522  518  506  494  485  475  462  444  422  402  383
  363  340  311  276  244  219  202  190  178  171  171  174  174  172  171  169
  166  158  146  134  129  132  139  140  134
