data/corinthe/IONEX/igsg1650.15i
     1.0            IONOSPHERE MAPS     MIX                 IONEX VERSION / TYPE
cmpcmb v1.2          GRL/UWM             7-jul-15 17:05     PGM / RUN BY / DATE 
ionex file containing IGS COMBINED Ionosphere maps          COMMENT             
global ionosphere maps for day 165, 2015                    DESCRIPTION         
IONEX file containing the COMBINED IGS TEC MAPS and DCBs    DESCRIPTION         
      IONEX files of the following IAACs were combined: cod DESCRIPTION         
                                                        jpl DESCRIPTION         
Contact address: Andrzej Krankowski                         DESCRIPTION
                 Geodynamics Research Laboratory            DESCRIPTION
                 University of Warmia and Mazury (GRL/UWM)  DESCRIPTION
                 Oczapowski St. 1                           DESCRIPTION
                 10-957-Olsztyn, POLAND                     DESCRIPTION
                 e-mail:  kand@uwm.edu.pl                   DESCRIPTION
                                                            DESCRIPTION         
  2015     6    14     0     0     0                        EPOCH OF FIRST MAP  
  2015     6    15     0     0     0                        EPOCH OF LAST MAP   
  7200                                                      INTERVAL            
    13                                                      # OF MAPS IN FILE   
  COSZ                                                      MAPPING FUNCTION    
     0.0                                                    ELEVATION CUTOFF    
combined TEC calculated as weighted mean of input TEC valuesOBSERVABLES USED    
   319                                                      # OF STATIONS       
    32                                                      # OF SATELLITES     
  6371.0                                                    BASE RADIUS         
     2                                                      MAP DIMENSION       
   450.0 450.0   0.0                                        HGT1 / HGT2 / DHGT  
    87.5 -87.5  -2.5                                        LAT1 / LAT2 / DLAT  
  -180.0 180.0   5.0                                        LON1 / LON2 / DLON  
    -1                                                      EXPONENT            
TEC values in 0.1 tec units;  9999, if no value available   COMMENT             
DCB values in nanoseconds, reference is Sum_of_SatDCBs = 0  COMMENT             
                                                            END OF HEADER       
[from data line 1716]
     5                                                      START OF TEC MAP    
  2015     6    14     8     0     0                        EPOCH OF CURRENT MAP
    87.5-180.0 180.0   5.0 450.0                            LAT/LON1/LON2/DLON/H
  188  189  190  191  192  193  194  194  195  196  197  197  198  198  199  200
  200  200  201  201  201  201  201  201  200  200  200  200  199  199  198  197
  197  196  195  195  194  193  193  192  191  191  190  189  189  188  188  187
  187  186  186  185  185  185  184  184  183  183  183  183  183  183  183  184
  184  184  185  185  186  186  187  188  188
    85.0-180.0 180.0   5.0 450.0                            LAT/LON1/LON2/DLON/H
  184  185  187  188  189  191  192  194  196  197  199  200  201  202  203  204
  205  205  205  206  206  206  206  206  205  205  204  203  203  202  201  199
  198  197  196  195  194  192  191  190  190  188  188  187  187  186  185  184
  184  183  182  182  181  181  180  180  179  178  178  177  177  177  177  177
  177  177  178  178  179  180  181  183  184
    82.5-180.0 180.0   5.0 450.0                            LAT/LON1/LON2/DLON/H
  179  181  183  184  186  188  189  191  193  195  197  198  200  202  202  204
  205  205  206  206  206  206  206  205  205  204  203  202  201  199  198  197
  195  194  193  192  191  190  189  188  188  187  187  187  187  187  187  187
  187  186  186  186  185  184  183  181  180  179  177  176  175  174  174  173
  173  173  173  173  174  175  176  178  179
    80.0-180.0 180.0   5.0 450.0                            LAT/LON1/LON2/DLON/H
  175  176  178  179  181  183  184  186  188  190  192  194  195  196  198  199
  200  201  201  201  201  201  200  199  198  197  196  194  193  192  191  190
  189  188  187  186  186  186  186  187  187  188  189  191  192  194  195  196
  197  197  197  196  196  194  193  191  189  187  184  182  180  178  176  174
  173  172  171  171  171  172  172  173  175
    77.5-180.0 180.0   5.0 450.0                            LAT/LON1/LON2/DLON/H
  172  173  175  175  177  178  179  181  182  184  186  188  189  190  191  192
  193  193  192  192  191  190  188  187  185  184  182  181  180  179  178  178
  178  178  178  179  180  182  183  186  189  192  195  199  202  206  209  212
  213  214  214  214  212  211  209  206  204  200  197  194  191  187  184  181
  177  175  173  172  171  172  172  172  172
    75.0-180.0 180.0   5.0 450.0                            LAT/LON1/LON2/DLON/H
  172  172  172  172  172  173  174  175  177  179  180  182  182  183  184  184
  183  183  182  181  179  177  174  171  168  166  165  164  163  164  164  165
  166  167  169  172  174  178  182  187  193  199  205  212  218  224  229  232
  235  236  236  235  232  230  227  224  220  216  213  209  205  200  195  191
  186  183  179  177  175  174  173  173  172
    72.5-180.0 180.0   5.0 450.0                            LAT/LON1/LON2/DLON/H
  174  172  170  169  168  168  169  171  172  174  175  176  176  176  176  175
  175  174  173  170  167  163  159  155  151  148  146  146  147  149  151  153
  156  159  162  166  171  177  183  192  200  210  219  228  237  245  251  256
  259  258  257  254  250  246  241  238  234  230  227  223  219  214  208  202
  197  192  188  184  182  180  178  176  174
    70.0-180.0 180.0   5.0 450.0                            LAT/LON1/LON2/DLON/H
  178  174  170  166  164  163  164  165  167  170  171  171  170  170  169  168
  167  166  164  162  158  152  147  141  135  131  130  130  132  135  140  144
  149  154  159  164  171  179  188  199  211  223  236  248  259  268  275  279
  280  278  274  268  261  255  249  245  242  239  237  233  230  225  220  214
  208  202  198  194  191  188  185  182  178
    67.5-180.0 180.0   5.0 450.0                            LAT/LON1/LON2/DLON/H
  183  176  169  163  158  157  157  159  162  163  165  165  164  162  161  160
  160  159  157  154  151  145  137  129  123  119  117  118  121  126  132  139
  145  152  159  166  175  185  197  210  225  240  255  269  282  291  298  300
  297  292  284  274  264  256  248  244  241  240  239  239  236  233  228  223
  217  212  208  205  202  199  195  190  183
    65.0-180.0 180.0   5.0 450.0                            LAT/LON1/LON2/DLON/H
  191  180  169  160  153  150  149  150  153  156  157  157  155  153  152  151
  151  151  151  150  146  139  131  122  115  110  110  112  116  122  129  137
  145  153  163  172  183  195  209  225  242  259  275  291  303  313  317  316
  311  301  288  274  260  248  240  235  234  234  236  237  237  235  232  228
  224  220  217  216  214  212  208  200  191
    62.5-180.0 180.0   5.0 450.0                            LAT/LON1/LON2/DLON/H
  202  188  173  159  149  143  140  141  143  146  147  148  146  144  142  141
  142  143  144  144  140  134  126  117  110  106  107  110  116  123  131  139
  148  158  168  181  193  208  224  241  259  277  293  310  322  330  333  330
  320  306  289  271  253  239  229  225  223  225  228  231  233  232  231  230
  228  226  225  225  226  225  221  213  202
    60.0-180.0 180.0   5.0 450.0                            LAT/LON1/LON2/DLON/H
  216  200  182  165  150  140  134  132  133  135  137  136  134  132  130  129
  131  133  135  136  134  128  121  113  107  105  107  112  120  128  136  144
  153  164  176  190  206  222  239  257  275  293  310  325  338  345  346  341
  328  311  290  269  250  234  223  217  215  217  220  224  227  228  229  229
  228  229  232  235  238  239  236  228  216
    57.5-180.0 180.0   5.0 450.0                            LAT/LON1/LON2/DLON/H
  235  218  198  179  160  144  133  127  125  126  126  126  124  120  118  117
  119  122  125  126  125  121  114  108  104  105  110  117  126  135  143  151
  161  172  186  201  218  236  253  271  288  305  322  337  350  357  358  351
  337  318  297  275  254  236  224  217  213  213  215  218  221  223  224  226
  228  231  235  242  248  252  252  246  235
    55.0-180.0 180.0   5.0 450.0                            LAT/LON1/LON2/DLON/H
  256  241  223  202  179  158  141  128  121  119  118  117  114  111  108  107
  108  110  114  115  114  110  105  101  101  105  113  123  134  143  152  160
  170  182  196  213  230  247  265  281  298  314  331  347  360  368  369  362
  349  332  311  289  269  251  236  226  220  216  215  215  217  219  221  222
  226  230  237  246  256  264  268  265  256
    52.5-180.0 180.0   5.0 450.0                            LAT/LON1/LON2/DLON/H
  279  268  252  232  207  181  157  138  126  119  115  112  109  106  102  101
  101  102  104  105  103  100   96   95   98  106  117  130  142  152  161  170
  180  192  207  224  241  258  273  289  304  321  338  354  369  378  381  376
  365  351  333  313  294  275  258  244  233  224  218  216  215  216  219  220
  224  229  237  247  260  272  280  283  279
    50.0-180.0 180.0   5.0 450.0                            LAT/LON1/LON2/DLON/H
  298  293  281  263  239  210  180  155  137  126  119  115  110  106  103   99
   98   98   98   97   95   91   89   90   96  107  121  136  149  160  170  179
  191  204  219  234  250  266  280  295  311  328  346  363  379  390  394  392
  385  374  360  343  325  305  285  266  250  236  225  219  217  217  219  221
  224  228  235  247  261  276  289  297  298
    47.5-180.0 180.0   5.0 450.0                            LAT/LON1/LON2/DLON/H
  310  310  303  290  268  238  206  176  153  138  128  122  117  113  108  105
  102  100   99   96   91   87   85   88   96  110  126  141  155  166  177  189
  202  216  231  245  259  274  289  304  320  338  357  375  392  404  411  411
  406  399  388  374  356  335  312  289  268  250  235  226  222  221  223  225
  227  230  236  247  262  278  293  304  310
    45.0-180.0 180.0   5.0 450.0                            LAT/LON1/LON2/DLON/H
  312  315  313  304  286  260  227  196  171  153  141  134  129  124  120  116
  113  110  106  100   94   89   88   91  100  114  131  147  160  172  184  198
  212  228  243  256  269  283  298  314  332  352  372  392  409  422  428  431
  428  423  415  402  383  361  336  310  286  264  247  235  230  229  232  235
  236  238  242  249  262  277  293  305  312
    42.5-180.0 180.0   5.0 450.0                            LAT/LON1/LON2/DLON/H
  306  308  309  304  292  269  240  211  186  168  155  148  143  138  134  131
  128  124  118  111  102   96   94   98  107  121  137  151  164  176  190  206
  223  241  255  267  279  293  310  328  349  370  391  411  427  440  448  450
  449  446  438  425  406  382  356  329  304  281  262  248  242  242  246  250
  252  252  252  256  266  279  291  300  306
    40.0-180.0 180.0   5.0 450.0                            LAT/LON1/LON2/DLON/H
  293  292  292  290  281  265  241  216  195  180  169  162  156  152  149  147
  145  141  134  125  115  108  106  109  117  130  144  157  170  182  197  215
  234  252  266  278  289  305  324  345  368  389  411  430  446  458  466  469
  469  466  458  445  425  401  376  350  324  301  281  267  259  260  265  269
  272  271  270  270  274  281  288  292  293
    37.5-180.0 180.0   5.0 450.0                            LAT/LON1/LON2/DLON/H
  279  272  268  266  260  248  231  213  197  186  178  173  169  165  163  161
  161  157  150  140  130  123  120  123  130  140  151  163  176  189  206  225
  245  263  277  288  300  317  339  362  385  407  427  446  462  474  482  486
  487  485  479  466  447  424  399  375  351  328  307  291  282  280  285  291
  294  293  290  288  288  290  290  286  279
    35.0-180.0 180.0   5.0 450.0                            LAT/LON1/LON2/DLON/H
  270  255  246  241  236  227  215  204  195  189  186  183  179  176  174  174
  173  172  165  155  145  139  137  139  145  152  161  171  184  198  215  235
  256  273  285  296  309  328  353  377  400  420  438  456  472  486  496  503
  506  506  503  493  477  457  435  411  387  363  340  321  308  304  307  313
  317  317  314  309  306  303  296  285  270
    32.5-180.0 180.0   5.0 450.0                            LAT/LON1/LON2/DLON/H
  270  250  234  225  217  209  200  193  191  191  193  192  189  185  183  184
  184  182  176  167  159  154  154  157  162  166  172  181  193  208  226  246
  266  281  292  302  316  337  363  387  408  425  441  459  477  493  507  517
  525  531  533  529  519  503  482  459  433  406  380  356  338  328  328  333
  337  339  337  333  328  322  310  293  270
    30.0-180.0 180.0   5.0 450.0                            LAT/LON1/LON2/DLON/H
  286  261  241  226  214  203  194  189  191  197  202  204  202  198  194  194
  193  191  185  177  171  169  172  176  179  181  183  191  203  218  236  255
  273  287  297  306  321  344  369  391  410  423  437  455  476  496  514  529
  544  557  568  574  572  561  542  517  487  454  423  394  369  353  347  349
  353  357  358  357  353  346  332  311  286
    27.5-180.0 180.0   5.0 450.0                            LAT/LON1/LON2/DLON/H
  315  292  271  251  234  216  203  197  200  209  217  220  218  213  208  206
  204  199  192  185  182  184  189  195  198  196  194  200  211  226  243  261
  277  289  298  308  324  347  372  392  406  417  429  447  471  496  519  540
  561  582  603  620  627  621  604  576  540  502  464  430  399  377  366  364
  367  373  378  380  379  373  360  339  315
    25.0-180.0 180.0   5.0 450.0                            LAT/LON1/LON2/DLON/H
  358  340  322  301  276  251  231  220  221  230  240  243  240  233  227  221
  215  207  199  193  192  197  205  214  216  210  204  206  214  228  245  263
  276  288  296  308  326  350  373  391  401  409  420  439  466  495  522  547
  572  601  630  656  673  672  657  627  586  541  499  461  427  401  386  381
  383  390  397  403  405  401  391  375  358
    22.5-180.0 180.0   5.0 450.0                            LAT/LON1/LON2/DLON/H
  403  398  387  367  338  305  275  257  253  259  267  270  266  258  249  239
  228  216  206  199  199  207  219  229  231  222  211  207  212  224  241  257
  271  282  293  307  327  353  376  390  398  404  414  434  463  494  523  550
  578  608  642  674  697  702  689  660  617  569  523  484  450  425  408  401
  402  408  418  425  429  427  419  410  403
    20.0-180.0 180.0   5.0 450.0                            LAT/LON1/LON2/DLON/H
  442  450  452  439  410  370  331  303  291  292  297  298  293  283  272  258
  242  226  212  204  204  213  228  240  242  230  215  204  205  214  230  247
  262  276  288  306  331  358  381  395  400  405  414  435  464  497  525  549
  574  603  634  666  689  699  693  669  628  580  536  499  470  449  436  428
  427  432  440  447  450  447  440  437  442
    17.5-180.0 180.0   5.0 450.0                            LAT/LON1/LON2/DLON/H
  464  486  501  499  473  431  386  351  331  325  324  320  314  303  290  273
  252  232  215  205  205  214  231  246  248  234  214  197  192  199  214  233
  251  267  284  307  336  366  390  404  408  412  422  442  471  502  527  547
  566  585  608  633  655  670  672  657  624  582  542  511  490  477  468  461
  458  460  464  467  466  460  451  450  464
    15.0-180.0 180.0   5.0 450.0                            LAT/LON1/LON2/DLON/H
  463  494  522  532  514  475  429  390  365  351  342  334  325  314  300  280
  257  234  214  203  202  211  229  245  247  233  209  187  176  180  197  218
  238  260  282  310  344  377  403  416  421  425  436  456  483  510  532  546
  555  563  574  590  608  625  638  636  614  581  548  524  511  506  501  496
  492  490  489  487  478  464  449  446  463
    12.5-180.0 180.0   5.0 450.0                            LAT/LON1/LON2/DLON/H
  439  472  509  531  524  492  451  414  385  365  349  335  324  312  298  278
  254  230  209  196  195  203  221  237  241  226  200  175  160  162  180  203
  228  253  281  314  352  388  415  430  436  442  453  472  497  522  539  547
  548  547  547  552  564  585  607  618  610  587  562  544  536  535  533  529
  522  517  513  504  488  465  440  427  439
    10.0-180.0 180.0   5.0 450.0                            LAT/LON1/LON2/DLON/H
  404  430  468  497  500  479  447  417  390  366  345  325  310  299  285  266
  243  219  200  186  183  191  207  223  228  215  188  161  145  147  165  191
  219  248  280  318  358  396  424  440  448  456  469  488  511  533  549  555
  553  546  539  538  543  564  594  615  619  606  587  571  563  562  560  553
  545  538  531  519  497  466  431  405  404
     7.5-180.0 180.0   5.0 450.0                            LAT/LON1/LON2/DLON/H
  373  386  417  446  453  441  421  401  381  357  331  307  289  278  265  248
  227  205  186  174  170  177  191  205  210  198  174  148  132  134  153  181
  212  244  279  318  359  397  425  442  453  463  477  495  518  540  558  567
  568  566  560  555  557  575  606  634  644  637  620  602  590  582  575  565
  556  549  542  529  508  472  429  391  373
     5.0-180.0 180.0   5.0 450.0                            LAT/LON1/LON2/DLON/H
  360  356  376  398  402  394  384  375  363  344  316  288  267  255  244  229
  210  190  173  162  157  161  172  183  188  179  158  135  122  126  145  174
  206  238  274  313  353  389  416  434  447  459  474  492  514  540  563  582
  594  602  605  601  598  611  639  665  676  669  651  627  606  589  575  562
  553  547  543  536  518  486  440  393  360
     2.5-180.0 180.0   5.0 450.0                            LAT/LON1/LON2/DLON/H
  375  356  360  368  365  356  351  351  347  332  303  272  249  236  227  213
  196  178  161  150  146  147  153  160  164  158  142  124  114  120  140  168
  200  232  266  303  340  372  397  414  428  442  457  474  498  528  561  592
  619  643  659  659  653  658  679  698  703  692  668  637  606  580  560  545
  535  531  532  532  525  503  464  416  375
