data/corinthe/IONEX/igsg1650.15i
     1.0            IONOSPHERE MAPS     MIX                 IONEX VERSION / TYPE
cmpcmb v1.2          GRL/UWM             7-jul-15 17:05     PGM / RUN BY / DATE 
ionex file containing IGS COMBINED Ionosphere maps          COMMENT             
global ionosphere maps for day 165, 2015                    DESCRIPTION         
IONEX file containing the COMBINED IGS TEC MAPS and DCBs    DESCRIPTION         
      IONEX files of the following IAACs were combined: cod DESCRIPTION         
                                                        jpl DESCRIPTION         
Contact address: Andrzej Krankowski                         DESCRIPTION
                 Geodynamics Research Laboratory            DESCRIPTION
                 University of Warmia and Mazury (GRL/UWM)  DESCRIPTION
                 Oczapowski St. 1                           DESCRIPTION
                 10-957-Olsztyn, POLAND                     DESCRIPTION
                 e-mail:  kand@uwm.edu.pl                   DESCRIPTION
                                                            DESCRIPTION         
  2015     6    14     0     0     0                        EPOCH OF FIRST MAP  
  2015     6    15     0     0     0                        EPOCH OF LAST MAP   
  7200                                                      INTERVAL            
    13                                                      # OF MAPS IN FILE   
  COSZ                                                      MAPPING FUNCTION    
     0.0                                                    ELEVATION CUTOFF    
combined TEC calculated as weighted mean of input TEC valuesOBSERVABLES USED    
   319                                                      # OF STATIONS       
    32                                                      # OF SATELLITES     
  6371.0                                                    BASE RADIUS         
     2                                                      MAP DIMENSION       
   450.0 450.0   0.0                                        HGT1 / HGT2 / DHGT  
    87.5 -87.5  -2.5                                        LAT1 / LAT2 / DLAT  
  -180.0 180.0   5.0                                        LON1 / LON2 / DLON  
    -1                                                      EXPONENT            
TEC values in 0.1 tec units;  9999, if no value available   COMMENT             
DCB values in nanoseconds, reference is Sum_of_SatDCBs = 0  COMMENT             
                                                            END OF HEADER       
[from data line 5148]
    13                                                      START OF TEC MAP    
  2015     6    15     0     0     0                        EPOCH OF CURRENT MAP
    87.5-180.0 180.0   5.0 450.0                            LAT/LON1/LON2/DLON/H
  161  162  162  163  163  164  164  164  165  165  166  166  166  166  166  166
  166  166  166  166  166  165  165  164  164  163  163  162  162  162  161  161
  160  160  160  159  159  159  159  159  159  159  159  159  159  159  159  159
  159  159  159  159  159  159  159  159  159  159  159  159  159  159  159  159
  159  160  160  160  160  161  161  161  161
    85.0-180.0 180.0   5.0 450.0                            LAT/LON1/LON2/DLON/H
  162  163  164  165  166  167  169  169  171  171  172  173  173  174  174  174
  174  174  173  173  172  171  170  169  168  167  166  164  163  162  160  159
  158  158  157  157  157  156  156  157  157  157  158  158  159  159  160  160
  160  160  160  161  161  160  161  160  160  160  160  159  159  159  159  158
  158  159  159  159  160  160  161  162  162
    82.5-180.0 180.0   5.0 450.0                            LAT/LON1/LON2/DLON/H
  163  165  166  168  170  171  173  175  177  178  180  181  182  183  183  184
  183  183  182  181  180  179  177  174  172  170  168  165  163  161  158  156
  155  153  153  152  152  152  153  154  155  156  157  158  160  161  162  163
  164  165  165  164  165  164  164  163  162  162  160  160  159  158  158  157
  157  157  157  158  158  159  160  162  163
    80.0-180.0 180.0   5.0 450.0                            LAT/LON1/LON2/DLON/H
  164  166  168  171  174  176  178  181  184  186  187  189  191  191  192  193
  192  191  190  189  187  185  182  180  176  173  169  165  162  158  155  152
  150  149  148  147  148  148  150  152  153  156  157  160  162  164  165  167
  168  169  169  170  169  168  167  166  165  163  161  160  158  157  156  156
  156  156  156  157  158  159  161  162  164
    77.5-180.0 180.0   5.0 450.0                            LAT/LON1/LON2/DLON/H
  166  168  171  174  177  180  183  186  189  192  195  197  198  199  200  200
  199  198  197  195  193  190  187  183  179  174  169  164  159  155  151  148
  145  143  142  142  143  144  147  149  152  154  158  160  163  165  168  170
  171  172  173  173  172  171  170  168  165  163  160  158  156  155  154  153
  153  154  155  156  158  160  162  164  166
    75.0-180.0 180.0   5.0 450.0                            LAT/LON1/LON2/DLON/H
  169  171  174  176  180  183  187  191  194  198  201  203  204  205  205  205
  203  202  200  198  195  192  189  185  180  175  169  163  157  151  146  142
  139  138  137  138  139  141  144  147  150  154  156  159  162  165  168  170
  172  174  174  175  174  173  170  168  165  162  158  155  153  152  151  150
  151  152  154  156  159  161  164  166  169
    72.5-180.0 180.0   5.0 450.0                            LAT/LON1/LON2/DLON/H
  172  174  176  178  181  185  189  193  198  203  206  208  209  209  208  207
  204  202  200  198  195  193  190  186  181  176  169  162  155  148  143  139
  136  134  134  134  136  140  143  146  149  152  155  157  159  163  165  168
  171  173  174  175  174  173  170  167  164  160  155  153  150  148  147  148
  149  151  155  157  161  164  166  169  172
    70.0-180.0 180.0   5.0 450.0                            LAT/LON1/LON2/DLON/H
  173  175  176  178  180  184  189  194  200  205  209  212  213  213  211  208
  204  202  199  197  194  193  190  187  182  176  169  162  155  147  142  136
  134  132  132  133  136  139  143  145  148  150  152  153  155  158  161  164
  168  171  173  175  175  173  170  167  163  159  155  151  149  147  147  148
  150  153  156  160  163  167  170  172  173
    67.5-180.0 180.0   5.0 450.0                            LAT/LON1/LON2/DLON/H
  175  175  175  175  177  181  186  192  199  205  210  214  215  214  212  208
  204  200  197  195  194  192  191  188  184  179  172  165  157  149  143  138
  135  133  133  135  138  141  144  146  147  148  148  148  150  152  156  160
  166  170  173  176  176  175  172  169  165  161  157  154  152  150  150  150
  153  156  159  163  167  170  172  174  175
    65.0-180.0 180.0   5.0 450.0                            LAT/LON1/LON2/DLON/H
  176  175  173  172  173  176  181  188  196  203  210  215  217  215  213  208
  204  199  196  194  193  193  192  190  187  182  176  169  162  154  148  142
  139  137  137  139  141  144  146  147  147  147  145  144  144  147  151  157
  164  171  175  179  180  179  178  174  171  167  164  161  159  157  157  157
  159  161  164  167  171  174  176  176  176
    62.5-180.0 180.0   5.0 450.0                            LAT/LON1/LON2/DLON/H
  178  176  173  170  170  172  175  182  191  200  207  213  216  216  213  209
  204  200  197  195  195  195  195  193  191  187  182  176  170  163  157  152
  148  146  144  145  147  148  150  151  149  146  144  142  141  144  150  157
  165  173  179  184  186  187  185  183  181  178  175  173  171  170  169  168
  169  170  171  173  176  178  179  179  178
    60.0-180.0 180.0   5.0 450.0                            LAT/LON1/LON2/DLON/H
  182  180  176  173  170  171  173  179  186  195  203  210  214  215  214  210
  206  202  199  198  198  198  198  197  195  192  189  185  180  175  170  165
  161  156  154  153  153  154  155  154  151  148  144  142  142  145  151  159
  168  177  185  191  195  196  196  196  195  194  192  191  189  187  184  183
  181  180  180  181  182  183  184  184  182
    57.5-180.0 180.0   5.0 450.0                            LAT/LON1/LON2/DLON/H
  191  189  186  182  178  176  177  179  184  191  199  205  211  213  213  211
  208  206  204  203  203  202  202  200  199  197  195  194  192  190  186  181
  176  170  165  162  160  160  160  159  155  151  147  145  145  148  155  163
  172  182  191  198  203  206  208  210  211  213  213  212  210  207  203  200
  195  193  190  190  190  190  191  192  191
    55.0-180.0 180.0   5.0 450.0                            LAT/LON1/LON2/DLON/H
  204  203  202  199  194  190  186  185  187  190  196  202  207  211  211  211
  211  211  209  209  208  207  206  204  202  201  201  202  203  204  202  197
  191  182  175  170  168  167  167  165  161  156  152  150  151  154  161  168
  176  185  195  203  210  216  222  226  230  234  236  236  234  229  224  218
  211  206  203  200  199  200  201  202  204
    52.5-180.0 180.0   5.0 450.0                            LAT/LON1/LON2/DLON/H
  220  223  224  222  217  211  204  198  195  194  196  199  204  208  209  211
  213  214  214  214  213  211  209  206  204  204  206  209  213  216  216  211
  202  192  182  176  174  174  174  172  168  163  159  158  159  162  166  171
  178  185  195  205  215  225  234  243  250  257  261  261  259  253  245  236
  228  222  217  213  212  212  214  217  220
    50.0-180.0 180.0   5.0 450.0                            LAT/LON1/LON2/DLON/H
  240  244  248  248  244  237  227  217  208  202  200  201  203  205  208  211
  213  217  219  219  218  216  212  209  207  208  210  214  220  225  225  219
  208  196  186  180  179  181  183  182  177  172  168  168  168  169  171  172
  176  183  193  205  219  233  246  259  270  279  285  286  282  275  265  254
  246  238  233  230  228  228  230  235  240
    47.5-180.0 180.0   5.0 450.0                            LAT/LON1/LON2/DLON/H
  260  266  272  274  271  263  252  238  225  215  209  206  206  206  208  210
  214  218  221  223  222  220  216  213  211  210  212  218  224  229  228  221
  208  195  185  182  184  190  194  193  189  183  180  178  178  177  175  173
  173  178  188  203  221  240  258  274  288  300  307  309  304  295  284  273
  264  256  251  248  247  247  249  253  260
    45.0-180.0 180.0   5.0 450.0                            LAT/LON1/LON2/DLON/H
  278  286  292  295  294  287  275  261  245  232  221  215  212  210  209  210
  214  218  223  226  226  224  221  218  216  214  215  219  224  228  226  217
  203  191  183  185  193  202  209  209  203  197  193  191  191  186  180  174
  171  173  184  201  223  246  268  288  305  317  325  326  322  312  301  290
  282  276  272  269  267  266  268  272  278
    42.5-180.0 180.0   5.0 450.0                            LAT/LON1/LON2/DLON/H
  295  301  307  310  311  306  296  282  265  249  238  229  222  217  213  212
  215  219  225  229  230  229  228  225  223  220  219  220  222  224  221  210
  198  187  184  192  206  220  228  228  221  213  209  207  204  197  188  177
  170  171  180  199  224  251  277  299  316  330  338  339  334  325  315  307
  301  297  294  291  288  286  287  290  295
    40.0-180.0 180.0   5.0 450.0                            LAT/LON1/LON2/DLON/H
  309  313  317  320  322  320  313  300  284  269  255  245  236  227  220  216
  217  222  228  233  235  236  236  234  232  228  224  221  221  220  215  205
  193  188  192  207  227  244  253  251  243  233  227  224  219  210  197  184
  174  171  179  199  226  255  282  306  324  337  345  346  342  335  327  322
  319  318  316  313  309  305  304  306  309
    37.5-180.0 180.0   5.0 450.0                            LAT/LON1/LON2/DLON/H
  320  321  324  327  330  331  327  317  303  288  274  263  252  240  229  222
  222  226  233  238  241  243  245  245  243  238  232  226  222  218  212  203
  196  196  208  229  254  272  280  276  266  254  246  242  236  225  210  194
  181  175  181  199  226  256  284  307  326  338  345  347  344  340  336  335
  336  337  337  333  328  323  320  319  320
    35.0-180.0 180.0   5.0 450.0                            LAT/LON1/LON2/DLON/H
  330  329  330  333  338  342  342  335  323  308  296  284  271  256  242  233
  231  234  241  245  249  252  254  256  255  250  242  233  226  220  214  208
  205  211  230  257  282  301  306  301  288  276  267  261  253  240  223  205
  189  180  183  198  223  251  279  302  320  333  340  342  342  340  340  343
  349  354  355  351  345  338  334  332  330
    32.5-180.0 180.0   5.0 450.0                            LAT/LON1/LON2/DLON/H
  343  341  340  344  350  357  360  356  346  333  320  307  293  275  258  247
  245  247  252  255  258  261  265  268  268  262  253  243  233  226  221  218
  220  232  254  283  308  323  327  320  308  295  285  276  266  251  233  214
  196  184  182  193  214  241  268  290  308  320  328  332  334  336  340  347
  357  366  369  366  359  353  349  346  343
    30.0-180.0 180.0   5.0 450.0                            LAT/LON1/LON2/DLON/H
  359  356  356  360  369  379  385  384  375  362  348  335  319  300  281  268
  264  266  267  269  270  272  275  279  280  275  266  254  243  235  230  228
  234  249  274  302  325  336  337  330  320  309  298  287  273  256  237  218
  199  185  179  185  201  224  249  272  291  304  313  319  323  328  335  346
  360  372  378  377  372  367  364  361  359
    27.5-180.0 180.0   5.0 450.0                            LAT/LON1/LON2/DLON/H
  380  378  380  386  397  410  418  418  410  397  383  369  352  332  312  298
  293  291  290  286  285  285  288  291  293  287  278  265  253  243  237  236
  244  260  284  309  326  333  333  328  321  312  301  288  272  252  232  213
  194  179  170  170  182  202  227  251  271  286  297  305  312  318  328  344
  360  375  384  386  384  382  381  381  380
    25.0-180.0 180.0   5.0 450.0                            LAT/LON1/LON2/DLON/H
  405  406  410  419  433  448  458  459  451  437  423  409  393  373  353  339
  331  326  319  311  305  302  303  304  304  297  286  272  259  246  239  238
  244  259  280  300  311  314  313  312  309  303  292  278  259  237  218  200
  184  168  156  153  161  179  204  230  252  270  283  294  302  311  323  339
  358  377  388  394  397  398  401  404  405
    22.5-180.0 180.0   5.0 450.0                            LAT/LON1/LON2/DLON/H
  434  439  446  458  475  491  501  502  495  482  467  455  441  424  406  391
  380  370  357  343  331  324  321  319  314  303  289  273  257  243  232  228
  232  244  260  275  281  280  280  282  283  280  272  257  236  216  197  181
  167  153  140  135  140  158  184  213  239  259  276  288  298  307  321  338
  359  379  394  403  410  416  424  430  434
    20.0-180.0 180.0   5.0 450.0                            LAT/LON1/LON2/DLON/H
  464  472  483  499  518  535  544  545  538  525  513  502  493  480  465  451
  438  423  402  382  364  351  342  334  321  305  286  266  247  230  217  210
  209  216  228  236  238  236  237  242  247  247  241  228  210  190  173  160
  148  135  123  117  122  141  170  203  233  257  275  290  301  311  324  342
  363  384  402  415  426  437  447  457  464
    17.5-180.0 180.0   5.0 450.0                            LAT/LON1/LON2/DLON/H
  493  503  517  537  558  575  583  582  574  564  553  547  542  534  524  513
  497  476  451  425  401  382  364  347  325  300  275  252  230  210  194  183
  179  180  186  190  189  188  191  199  207  210  208  198  183  165  150  139
  129  119  107  102  109  131  164  200  233  260  282  299  311  321  333  350
  372  395  414  430  444  458  471  483  493
    15.0-180.0 180.0   5.0 450.0                            LAT/LON1/LON2/DLON/H
  518  530  545  567  590  606  612  609  602  593  587  584  584  582  576  566
  550  527  498  466  436  409  384  355  323  288  256  229  205  184  166  154
  145  141  142  142  142  144  151  161  170  176  177  171  160  146  133  123
  114  104   95   91  100  126  163  202  238  268  292  311  325  335  347  363
  384  408  428  446  462  479  495  507  518
    12.5-180.0 180.0   5.0 450.0                            LAT/LON1/LON2/DLON/H
  538  550  567  590  613  627  630  625  618  613  610  610  613  615  614  607
  591  566  535  499  465  430  395  356  312  268  230  200  176  155  139  125
  115  107  104  103  106  114  126  137  145  150  154  152  145  134  122  111
  102   93   84   83   96  124  163  206  245  277  303  324  339  352  363  378
  399  422  443  461  480  498  516  528  538
    10.0-180.0 180.0   5.0 450.0                            LAT/LON1/LON2/DLON/H
  555  565  582  604  626  639  638  631  625  622  622  624  629  633  634  628
  614  589  557  519  480  440  395  346  292  241  199  169  147  130  116  104
   94   86   81   81   89  104  121  133  137  140  141  141  136  127  115  103
   93   84   77   77   92  122  163  207  248  283  310  334  353  367  379  394
  413  435  455  473  494  515  533  546  555
     7.5-180.0 180.0   5.0 450.0                            LAT/LON1/LON2/DLON/H
  568  578  593  614  635  643  639  629  625  624  625  628  633  636  637  630
  617  593  561  523  481  435  383  325  265  210  168  140  123  112  103   96
   88   82   78   82   95  117  138  147  145  140  137  135  131  123  110   98
   86   76   69   70   86  117  160  205  247  282  313  339  361  379  392  407
  424  445  464  481  502  526  546  559  568
     5.0-180.0 180.0   5.0 450.0                            LAT/LON1/LON2/DLON/H
  579  588  603  622  640  644  635  624  620  621  623  625  627  628  625  618
  603  580  549  511  467  416  358  296  235  180  142  120  110  107  106  104
  101   98   98  106  124  150  170  173  161  145  136  131  127  119  106   92
   78   68   61   62   78  109  151  196  239  276  308  337  363  384  400  415
  431  449  466  483  505  530  553  569  579
     2.5-180.0 180.0   5.0 450.0                            LAT/LON1/LON2/DLON/H
  585  597  612  629  643  645  633  621  617  619  620  619  617  613  605  593
  577  553  523  485  440  387  328  265  206  157  127  113  112  116  122  128
  131  134  138  147  166  191  206  200  177  152  134  125  120  112   99   85
   71   59   51   52   66   96  137  182  226  264  298  329  359  383  401  416
  431  446  461  477  500  527  553  572  585
