data/corinthe/IONEX/igsg1670.15i
     1.0            IONOSPHERE MAPS     MIX                 IONEX VERSION / TYPE
cmpcmb v1.2          GRL/UWM             7-jul-15 17:13     PGM / RUN BY / DATE 
ionex file containing IGS COMBINED Ionosphere maps          COMMENT             
global ionosphere maps for day 167, 2015                    DESCRIPTION         
IONEX file containing the COMBINED IGS TEC MAPS and DCBs    DESCRIPTION         
      IONEX files of the following IAACs were combined: cod DESCRIPTION         
                                                        jpl DESCRIPTION         
Contact address: Andrzej Krankowski                         DESCRIPTION
                 Geodynamics Research Laboratory            DESCRIPTION
                 University of Warmia and Mazury (GRL/UWM)  DESCRIPTION
                 Oczapowski St. 1                           DESCRIPTION
                 10-957-Olsztyn, POLAND                     DESCRIPTION
                 e-mail:  kand@uwm.edu.pl                   DESCRIPTION
                                                            DESCRIPTION         
  2015     6    16     0     0     0                        EPOCH OF FIRST MAP  
  2015     6    17     0     0     0                        EPOCH OF LAST MAP   
  7200                                                      INTERVAL            
    13                                                      # OF MAPS IN FILE   
  COSZ                                                      MAPPING FUNCTION    
     0.0                                                    ELEVATION CUTOFF    
combined TEC calculated as weighted mean of input TEC valuesOBSERVABLES USED    
   320                                                      # OF STATIONS       
    32                                                      # OF SATELLITES     
  6371.0                                                    BASE RADIUS         
     2                                                      MAP DIMENSION       
   450.0 450.0   0.0                                        HGT1 / HGT2 / DHGT  
    87.5 -87.5  -2.5                                        LAT1 / LAT2 / DLAT  
  -180.0 180.0   5.0                                        LON1 / LON2 / DLON  
    -1                                                      EXPONENT            
TEC values in 0.1 tec units;  9999, if no value available   COMMENT             
DCB values in nanoseconds, reference is Sum_of_SatDCBs = 0  COMMENT             
                                                            END OF HEADER       
     1                                                      START OF TEC MAP    
  2015     6    16     0     0     0                        EPOCH OF CURRENT MAP
    87.5-180.0 180.0   5.0 450.0                            LAT/LON1/LON2/DLON/H
  187  188  188  189  189  190  190  190  190  190  190  190  190  189  189  189
  188  187  186  185  184  183  182  181  180  178  178  177  176  174  173  172
  171  170  169  169  168  167  167  166  166  166  166  165  165  166  166  167
  167  167  168  169  169  170  171  172  173  174  175  176  177  178  178  179
  180  181  182  183  184  185  186  186  187
    85.0-180.0 180.0   5.0 450.0                            LAT/LON1/LON2/DLON/H
  192  194  195  196  197  198  198  199  199  200  200  200  199  199  198  197
  196  194  193  192  190  188  186  184  181  179  177  175  173  170  168  166
  164  162  160  159  157  156  155  155  154  154  154  154  154  155  155  156
  158  159  160  161  162  164  165  167  169  170  172  173  175  176  178  180
  181  182  184  185  187  188  190  191  192
    82.5-180.0 180.0   5.0 450.0                            LAT/LON1/LON2/DLON/H
  192  194  196  198  199  201  203  203  205  206  206  206  206  205  204  203
  201  200  198  196  193  191  188  185  182  180  176  173  170  167  164  161
  158  156  154  151  149  148  147  146  146  145  145  145  146  147  148  150
  151  153  154  156  158  160  162  164  165  167  168  170  172  174  175  177
  178  180  182  183  185  187  188  190  192
    80.0-180.0 180.0   5.0 450.0                            LAT/LON1/LON2/DLON/H
  188  190  193  195  198  200  203  205  207  208  210  210  210  209  208  206
  204  202  199  197  194  191  188  185  182  179  175  172  168  164  161  158
  155  151  149  147  144  143  141  141  140  140  140  141  142  143  144  147
  149  151  152  154  156  158  160  161  163  164  165  166  168  170  171  172
  174  175  177  178  180  182  184  186  188
    77.5-180.0 180.0   5.0 450.0                            LAT/LON1/LON2/DLON/H
  181  184  187  190  194  197  201  204  207  209  210  211  211  210  208  206
  203  200  197  193  191  188  185  182  179  175  172  169  165  162  158  155
  152  148  146  144  141  140  139  138  138  137  138  139  141  143  145  146
  149  151  153  155  157  158  159  160  161  161  162  162  163  165  165  167
  168  169  171  172  174  175  177  179  181
    75.0-180.0 180.0   5.0 450.0                            LAT/LON1/LON2/DLON/H
  175  177  180  184  188  193  198  202  206  209  211  212  211  210  207  204
  200  196  192  188  185  182  179  176  173  170  167  164  161  157  154  151
  148  146  143  142  140  138  137  137  137  137  138  139  141  144  146  149
  151  153  155  157  158  158  159  159  159  159  159  158  158  159  159  161
  161  163  164  166  167  169  171  172  175
    72.5-180.0 180.0   5.0 450.0                            LAT/LON1/LON2/DLON/H
  170  172  176  179  184  189  195  200  205  209  211  212  212  210  206  202
  197  192  187  182  179  175  172  169  166  164  161  158  155  152  149  146
  144  142  140  139  138  137  137  136  137  137  138  140  142  145  148  151
  154  156  157  159  160  160  159  159  158  157  156  156  154  154  154  155
  156  158  160  162  163  165  167  168  170
    70.0-180.0 180.0   5.0 450.0                            LAT/LON1/LON2/DLON/H
  169  171  173  176  180  186  192  198  204  209  213  214  214  211  207  201
  195  190  184  179  174  170  167  163  160  157  154  152  149  147  145  142
  140  139  138  137  135  135  135  135  135  136  137  139  142  145  149  153
  156  158  160  161  161  161  161  160  159  157  156  155  153  152  151  152
  153  155  157  160  162  164  166  168  169
    67.5-180.0 180.0   5.0 450.0                            LAT/LON1/LON2/DLON/H
  171  172  173  175  179  183  190  197  205  210  215  217  217  215  210  204
  197  191  185  179  174  169  164  160  156  152  149  147  145  142  140  139
  137  136  134  134  133  133  132  132  133  133  135  137  140  144  149  153
  156  160  161  162  162  163  163  162  161  160  159  156  155  153  151  152
  153  155  158  161  164  167  169  171  171
    65.0-180.0 180.0   5.0 450.0                            LAT/LON1/LON2/DLON/H
  177  176  176  177  179  183  189  197  204  211  217  219  220  218  214  209
  203  196  190  184  178  172  167  161  156  151  148  145  143  141  139  138
  136  135  134  133  131  131  130  130  129  130  131  134  138  142  147  152
  156  159  161  163  163  164  164  165  166  166  164  162  160  157  154  154
  155  157  160  164  169  173  175  177  177
    62.5-180.0 180.0   5.0 450.0                            LAT/LON1/LON2/DLON/H
  185  183  182  181  181  184  189  196  203  211  217  221  223  222  219  215
  210  204  198  192  186  180  173  167  161  156  151  148  146  144  143  142
  140  137  135  134  132  131  130  129  128  128  129  131  135  139  145  151
  156  159  162  163  165  166  168  171  173  173  173  171  167  163  160  158
  158  160  164  169  174  179  183  184  185
    60.0-180.0 180.0   5.0 450.0                            LAT/LON1/LON2/DLON/H
  193  192  190  188  187  188  192  197  203  210  216  220  223  224  223  220
  216  212  207  203  197  191  183  177  170  163  159  156  154  153  152  151
  148  145  142  138  136  134  132  131  129  129  129  131  133  137  143  149
  155  160  163  165  168  170  173  177  181  183  183  181  176  171  165  162
  162  163  168  173  180  186  190  193  193
    57.5-180.0 180.0   5.0 450.0                            LAT/LON1/LON2/DLON/H
  204  203  201  198  196  196  197  200  204  209  215  219  222  224  224  223
  221  219  216  212  207  202  195  188  181  176  172  169  167  167  166  163
  160  155  150  145  142  140  138  137  135  133  132  132  133  137  142  149
  156  162  167  169  172  175  179  184  189  193  193  190  185  178  172  167
  166  167  172  178  185  192  198  202  204
    55.0-180.0 180.0   5.0 450.0                            LAT/LON1/LON2/DLON/H
  214  216  214  212  210  208  207  207  208  211  214  218  220  223  224  224
  224  223  222  220  217  211  206  200  195  190  187  185  184  183  181  178
  173  167  160  154  151  148  147  145  143  141  137  135  135  137  142  149
  157  165  171  176  180  183  187  193  197  201  202  199  193  185  177  172
  170  172  177  183  191  198  206  211  214
    52.5-180.0 180.0   5.0 450.0                            LAT/LON1/LON2/DLON/H
  226  229  231  230  229  226  224  221  219  217  218  218  220  222  224  224
  225  225  225  224  223  219  215  212  208  205  202  201  200  199  195  191
  185  177  169  164  159  158  157  156  154  150  146  140  137  137  141  148
  159  169  178  185  190  193  197  200  205  208  209  206  200  191  183  178
  176  179  184  190  198  206  214  221  226
    50.0-180.0 180.0   5.0 450.0                            LAT/LON1/LON2/DLON/H
  240  246  249  251  251  248  244  240  234  229  226  225  224  224  225  225
  226  227  227  227  226  225  223  222  220  218  217  215  214  211  207  201
  193  184  176  170  167  167  168  168  165  161  154  147  140  137  140  147
  159  173  186  196  202  205  207  208  211  214  215  212  205  197  189  185
  185  188  193  199  208  217  226  234  240
    47.5-180.0 180.0   5.0 450.0                            LAT/LON1/LON2/DLON/H
  256  263  269  273  275  274  270  263  255  248  240  236  233  231  230  229
  228  229  230  231  230  230  230  230  230  229  228  226  222  218  213  205
  197  188  181  176  175  176  177  178  176  171  163  153  144  139  139  146
  160  177  193  207  216  218  218  217  218  220  220  217  211  203  197  194
  195  200  206  213  221  230  240  249  256
    45.0-180.0 180.0   5.0 450.0                            LAT/LON1/LON2/DLON/H
  274  282  290  297  301  301  297  289  280  270  261  253  247  244  240  237
  236  235  236  236  236  237  237  238  239  239  236  231  226  219  213  206
  198  191  185  182  182  184  186  188  186  181  172  161  149  141  140  146
  161  180  201  218  229  232  231  227  225  225  226  223  218  211  207  206
  209  215  221  229  238  247  258  266  274
    42.5-180.0 180.0   5.0 450.0                            LAT/LON1/LON2/DLON/H
  295  304  313  322  327  328  323  316  305  294  283  274  266  260  255  250
  247  246  246  247  247  247  246  248  248  247  242  234  226  218  211  204
  199  195  191  190  191  193  195  196  195  192  183  171  158  148  143  149
  162  183  206  227  241  246  243  237  233  232  232  231  227  222  219  220
  225  232  239  248  257  267  278  287  295
    40.0-180.0 180.0   5.0 450.0                            LAT/LON1/LON2/DLON/H
  319  329  338  347  353  353  348  339  329  319  308  298  288  281  273  267
  263  262  263  263  263  260  258  258  258  255  248  237  226  217  211  207
  203  202  202  202  204  204  204  205  205  203  197  185  171  159  152  155
  165  184  208  233  251  257  254  246  240  240  240  240  238  235  233  235
  240  249  258  268  279  290  301  310  319
    37.5-180.0 180.0   5.0 450.0                            LAT/LON1/LON2/DLON/H
  345  355  366  374  377  375  368  359  351  342  332  322  312  303  294  286
  282  282  284  285  284  279  274  271  269  264  255  242  230  220  215  214
  214  216  218  219  219  217  214  215  218  219  214  204  190  177  167  165
  170  186  208  235  256  265  261  253  248  246  248  250  249  247  246  248
  255  263  275  287  300  314  325  336  345
    35.0-180.0 180.0   5.0 450.0                            LAT/LON1/LON2/DLON/H
  375  386  397  402  402  396  386  377  370  364  356  347  337  327  316  308
  304  304  309  311  309  302  293  287  282  276  266  252  238  229  226  227
  231  234  237  238  235  230  226  227  232  238  236  227  214  198  185  178
  177  186  205  231  254  266  264  258  253  253  256  259  260  258  257  259
  265  275  288  303  321  336  350  362  375
    32.5-180.0 180.0   5.0 450.0                            LAT/LON1/LON2/DLON/H
  405  420  431  434  429  417  403  394  388  384  379  371  363  352  340  330
  325  327  334  339  336  327  315  305  299  291  280  266  252  243  241  244
  248  252  254  254  249  242  237  240  248  257  259  252  237  220  203  190
  183  185  199  222  246  261  262  258  255  257  262  266  267  265  263  266
  272  283  297  316  337  356  373  389  405
    30.0-180.0 180.0   5.0 450.0                            LAT/LON1/LON2/DLON/H
  436  455  466  467  456  439  422  411  406  404  401  396  388  378  365  353
  347  350  359  365  364  353  337  324  315  306  295  281  267  258  255  258
  262  265  265  263  257  250  246  251  264  276  279  271  255  235  216  199
  186  182  188  208  231  248  254  254  254  258  265  270  271  269  267  269
  275  287  304  327  352  374  395  415  436
    27.5-180.0 180.0   5.0 450.0                            LAT/LON1/LON2/DLON/H
  466  489  503  501  486  464  443  432  427  426  425  422  417  407  392  377
  368  370  380  388  387  375  357  341  329  320  309  294  279  269  263  263
  265  267  266  261  255  250  250  259  275  288  292  282  263  241  219  200
  184  174  175  189  211  230  242  247  251  258  267  272  273  270  268  270
  277  290  310  335  363  390  414  439  466
    25.0-180.0 180.0   5.0 450.0                            LAT/LON1/LON2/DLON/H
  491  521  537  535  517  491  469  457  452  450  450  449  447  439  422  402
  389  388  397  406  405  392  373  354  339  328  317  301  283  268  259  255
  254  254  252  249  245  243  247  260  277  290  292  279  256  231  210  192
  176  164  160  168  188  210  227  237  246  257  268  274  276  273  271  273
  282  295  317  345  375  404  431  459  491
    22.5-180.0 180.0   5.0 450.0                            LAT/LON1/LON2/DLON/H
  511  546  566  565  546  519  498  485  480  476  474  477  479  473  454  429
  410  404  410  417  415  402  381  361  344  330  315  298  277  257  241  233
  230  230  230  229  229  232  240  255  272  281  278  261  235  210  191  177
  163  150  143  148  166  189  211  228  241  256  270  279  281  279  278  282
  292  306  329  357  388  416  444  476  511
    20.0-180.0 180.0   5.0 450.0                            LAT/LON1/LON2/DLON/H
  525  562  586  589  571  547  528  517  510  503  499  503  510  507  487  457
  431  418  418  422  418  404  383  360  340  322  304  283  258  233  213  201
  199  202  205  208  212  219  229  244  257  262  254  233  205  182  167  157
  148  137  128  131  146  172  198  219  238  257  274  286  289  289  291  298
  310  326  348  374  402  428  454  486  525
    17.5-180.0 180.0   5.0 450.0                            LAT/LON1/LON2/DLON/H
  528  568  595  602  589  570  556  548  539  526  520  527  537  537  517  483
  451  430  424  423  416  399  377  352  328  305  283  258  231  204  182  170
  170  177  185  192  200  209  219  230  238  237  224  199  172  151  140  136
  132  123  116  117  132  158  187  212  236  259  280  295  302  306  311  321
  336  353  373  395  418  438  460  490  528
    15.0-180.0 180.0   5.0 450.0                            LAT/LON1/LON2/DLON/H
  525  564  594  604  597  584  577  574  563  545  535  543  557  559  540  506
  469  442  428  421  409  390  365  338  310  282  256  228  201  175  155  148
  153  165  176  188  197  205  212  218  219  211  194  169  143  126  120  119
  118  112  105  107  122  149  180  208  234  262  288  307  318  325  335  349
  366  385  403  420  435  448  463  489  525
    12.5-180.0 180.0   5.0 450.0                            LAT/LON1/LON2/DLON/H
  518  553  582  596  595  590  590  589  577  555  543  551  567  571  554  521
  484  453  433  418  400  376  347  317  286  255  226  199  174  153  142  142
  153  168  183  194  202  208  211  210  203  190  171  147  125  111  107  108
  108  103   98  100  116  142  173  204  235  266  295  317  333  346  360  377
  398  417  433  446  454  457  465  486  518
    10.0-180.0 180.0   5.0 450.0                            LAT/LON1/LON2/DLON/H
  511  542  566  582  586  586  591  593  580  558  545  553  569  573  558  529
  494  461  436  414  389  359  326  292  259  227  198  173  156  144  143  154
  171  187  200  209  215  217  214  206  194  177  156  135  118  107  104  103
  100   95   91   95  111  138  168  201  234  269  301  326  346  363  381  402
  425  447  463  472  473  470  470  485  511
     7.5-180.0 180.0   5.0 450.0                            LAT/LON1/LON2/DLON/H
  511  535  555  569  575  577  581  583  573  553  543  550  563  566  553  529
  498  466  437  408  376  339  301  265  232  201  176  157  149  148  159  179
  199  213  223  228  230  227  220  206  190  170  151  134  121  112  107  101
   95   87   83   89  107  133  162  196  233  270  303  331  354  375  396  419
  445  469  487  496  495  486  481  490  511
     5.0-180.0 180.0   5.0 450.0                            LAT/LON1/LON2/DLON/H
  521  538  553  563  567  565  564  563  558  546  540  547  555  555  543  523
  498  468  436  401  362  318  276  237  206  181  162  152  152  163  184  209
  229  240  243  243  240  234  222  206  187  168  151  137  128  122  113  102
   89   77   74   83  101  126  156  190  230  269  302  332  357  380  403  428
  455  483  505  517  519  509  501  505  521
     2.5-180.0 180.0   5.0 450.0                            LAT/LON1/LON2/DLON/H
  542  556  565  569  566  556  544  540  540  539  540  545  548  541  529  513
  493  466  432  392  346  297  251  213  186  168  158  158  167  184  210  236
  253  257  254  248  242  232  219  202  183  166  152  143  136  130  117  100
   81   65   62   73   93  117  146  182  224  265  298  327  354  378  402  427
  456  486  513  533  540  534  527  529  542
