data/corinthe/IONEX/igsg1600.15i
     1.0            IONOSPHERE MAPS     MIX                 IONEX VERSION / TYPE
cmpcmb v1.2          GRL/UWM            29-jun-15 22:52     PGM / RUN BY / DATE 
ionex file containing IGS COMBINED Ionosphere maps          COMMENT             
global ionosphere maps for day 160, 2015                    DESCRIPTION         
IONEX file containing the COMBINED IGS TEC MAPS and DCBs    DESCRIPTION         
      IONEX files of the following IAACs were combined: cod DESCRIPTION         
                                                        jpl DESCRIPTION         
Contact address: Andrzej Krankowski                         DESCRIPTION
                 Geodynamics Research Laboratory            DESCRIPTION
                 University of Warmia and Mazury (GRL/UWM)  DESCRIPTION
                 Oczapowski St. 1                           DESCRIPTION
                 10-957-Olsztyn, POLAND                     DESCRIPTION
                 e-mail:  kand@uwm.edu.pl                   DESCRIPTION
                                                            DESCRIPTION         
  2015     6     9     0     0     0                        EPOCH OF FIRST MAP  
  2015     6    10     0     0     0                        EPOCH OF LAST MAP   
  7200                                                      INTERVAL            
    13                                                      # OF MAPS IN FILE   
  COSZ                                                      MAPPING FUNCTION    
     0.0                                                    ELEVATION CUTOFF    
combined TEC calculated as weighted mean of input TEC valuesOBSERVABLES USED    
   321                                                      # OF STATIONS       
    32                                                      # OF SATELLITES     
  6371.0                                                    BASE RADIUS         
     2                                                      MAP DIMENSION       
   450.0 450.0   0.0                                        HGT1 / HGT2 / DHGT  
    87.5 -87.5  -2.5                                        LAT1 / LAT2 / DLAT  
  -180.0 180.0   5.0                                        LON1 / LON2 / DLON  
    -1                                                      EXPONENT            
TEC values in 0.1 tec units;  9999, if no value available   COMMENT             
DCB values in nanoseconds, reference is Sum_of_SatDCBs = 0  COMMENT             
                                                            END OF HEADER       
[from data line 2145]
     6                                                      START OF TEC MAP    
  2015     6     9    10     0     0                        EPOCH OF CURRENT MAP
    87.5-180.0 180.0   5.0 450.0                            LAT/LON1/LON2/DLON/H
  171  171  172  173  173  173  174  174  175  175  175  176  176  176  176  177
  177  178  178  178  178  178  179  179  179  179  179  179  179  179  180  179
  179  179  179  179  178  178  178  177  177  177  176  176  175  175  174  174
  174  173  173  172  171  171  171  171  170  170  170  170  170  169  169  169
  169  169  170  170  170  170  170  171  171
    85.0-180.0 180.0   5.0 450.0                            LAT/LON1/LON2/DLON/H
  169  170  171  173  173  174  175  176  176  177  177  178  178  179  179  179
  180  180  181  181  181  182  182  183  183  183  184  184  184  184  184  184
  184  184  184  184  183  183  182  181  181  180  179  178  178  176  176  175
  174  174  173  172  171  170  170  169  169  168  168  167  167  166  166  165
  165  165  166  166  167  167  168  169  169
    82.5-180.0 180.0   5.0 450.0                            LAT/LON1/LON2/DLON/H
  169  170  172  174  175  177  178  179  179  180  181  181  181  181  182  182
  182  182  182  182  182  183  183  184  184  185  186  187  187  188  188  189
  189  189  188  188  188  187  186  185  184  183  182  181  180  179  178  177
  176  175  175  174  174  173  172  171  170  169  169  168  166  166  165  164
  164  164  164  164  165  165  166  168  169
    80.0-180.0 180.0   5.0 450.0                            LAT/LON1/LON2/DLON/H
  170  171  173  176  178  179  181  182  183  183  183  183  183  183  182  181
  181  181  180  180  181  181  182  182  183  184  185  186  187  188  189  190
  191  192  192  192  192  191  190  189  188  186  185  183  182  181  180  179
  179  179  179  178  178  178  177  177  176  175  173  172  170  168  167  165
  164  164  164  163  163  164  166  167  170
    77.5-180.0 180.0   5.0 450.0                            LAT/LON1/LON2/DLON/H
  169  171  174  176  179  181  183  184  185  185  185  184  183  182  181  180
  179  179  178  178  178  178  178  179  180  181  182  183  185  186  188  190
  191  193  193  194  194  194  193  192  190  189  187  186  184  184  183  182
  182  182  184  184  185  185  185  185  184  182  181  179  176  174  171  169
  167  165  164  163  163  164  165  166  169
    75.0-180.0 180.0   5.0 450.0                            LAT/LON1/LON2/DLON/H
  166  169  172  175  178  180  183  184  184  184  184  182  181  180  179  178
  177  176  176  175  175  175  174  174  174  175  176  178  180  182  184  187
  189  191  193  194  195  195  194  194  192  190  188  187  186  185  185  185
  186  186  188  189  191  192  192  192  192  191  189  186  184  181  177  174
  171  168  166  164  164  163  164  165  166
    72.5-180.0 180.0   5.0 450.0                            LAT/LON1/LON2/DLON/H
  163  165  167  170  173  175  178  179  180  180  179  178  177  176  175  173
  173  173  173  172  171  171  170  169  169  169  170  171  172  175  178  181
  184  188  191  193  194  195  194  194  192  191  190  189  188  187  188  188
  189  190  191  194  195  197  198  199  198  198  196  194  191  187  184  180
  176  173  169  166  164  163  162  162  163
    70.0-180.0 180.0   5.0 450.0                            LAT/LON1/LON2/DLON/H
  158  158  159  161  164  166  168  170  171  172  171  171  170  169  168  168
  169  170  170  169  168  167  165  163  162  162  161  162  164  167  170  174
  178  183  187  190  193  194  195  194  193  192  191  191  190  190  190  190
  191  192  193  194  196  198  200  202  202  202  201  200  197  194  191  187
  183  179  175  171  167  164  161  159  158
    67.5-180.0 180.0   5.0 450.0                            LAT/LON1/LON2/DLON/H
  153  150  149  149  151  153  155  157  158  159  160  160  160  160  161  162
  164  165  166  166  164  163  160  157  155  154  154  155  157  159  163  168
  173  178  184  189  192  194  194  194  194  193  193  194  193  194  194  193
  193  193  193  194  195  197  199  201  203  204  204  203  201  199  196  193
  190  187  183  177  172  166  161  156  153
    65.0-180.0 180.0   5.0 450.0                            LAT/LON1/LON2/DLON/H
  149  144  140  137  136  137  138  140  141  144  145  146  148  150  152  154
  157  159  161  161  159  157  153  150  147  147  147  148  151  154  159  163
  169  175  181  187  191  194  194  195  195  195  196  197  198  199  199  198
  196  195  194  192  193  194  197  200  202  204  205  205  205  203  202  200
  199  196  192  186  180  172  164  156  149
    62.5-180.0 180.0   5.0 450.0                            LAT/LON1/LON2/DLON/H
  150  141  133  127  123  121  121  122  123  125  128  131  134  137  141  145
  149  152  153  153  152  149  145  142  139  139  141  144  148  152  157  162
  168  175  181  187  191  194  195  195  196  197  199  201  203  205  205  204
  201  198  195  193  192  193  196  199  203  206  208  208  209  208  208  208
  208  206  203  198  191  181  170  160  150
    60.0-180.0 180.0   5.0 450.0                            LAT/LON1/LON2/DLON/H
  155  144  133  123  116  110  107  105  106  107  110  114  119  124  129  134
  138  142  143  144  142  139  136  133  132  134  138  143  149  154  159  164
  171  177  183  189  193  195  196  196  197  199  201  205  208  211  212  210
  207  203  199  197  196  197  200  203  208  212  215  215  216  216  216  217
  218  217  215  211  204  193  181  168  155
    57.5-180.0 180.0   5.0 450.0                            LAT/LON1/LON2/DLON/H
  165  152  138  126  115  105   98   94   92   93   95   99  104  110  115  121
  125  129  131  132  131  129  127  126  127  131  138  145  152  159  164  170
  175  181  187  192  196  197  198  199  199  201  204  208  213  217  219  218
  216  212  208  205  205  206  209  214  219  224  227  227  227  226  225  227
  228  228  227  223  216  206  193  179  165
    55.0-180.0 180.0   5.0 450.0                            LAT/LON1/LON2/DLON/H
  177  164  149  135  122  109   99   91   86   84   84   88   92   97  102  108
  112  117  119  120  120  120  120  121  125  132  141  151  159  167  172  177
  182  186  192  196  199  201  202  202  202  204  207  211  217  222  225  226
  225  223  221  219  219  222  225  230  236  240  243  244  241  239  237  237
  237  237  236  233  226  216  204  191  177
    52.5-180.0 180.0   5.0 450.0                            LAT/LON1/LON2/DLON/H
  188  175  162  148  133  119  107   97   88   82   80   81   83   87   92   96
  101  105  108  110  112  114  116  120  127  137  148  158  168  176  181  184
  188  192  197  200  203  205  206  207  208  208  211  215  221  227  231  234
  235  236  236  236  238  241  245  250  255  259  262  261  258  254  250  247
  246  244  243  239  233  223  212  201  188
    50.0-180.0 180.0   5.0 450.0                            LAT/LON1/LON2/DLON/H
  195  184  173  160  146  132  119  108   97   88   83   80   80   82   85   88
   92   96  100  103  107  111  117  124  132  144  155  167  176  183  188  192
  195  198  202  204  207  210  212  214  215  216  218  221  226  232  237  242
  246  249  250  253  255  258  262  267  271  276  278  277  274  268  262  257
  253  250  246  242  236  226  216  206  195
    47.5-180.0 180.0   5.0 450.0                            LAT/LON1/LON2/DLON/H
  197  188  178  167  156  144  133  122  111  100   92   86   83   82   83   85
   88   92   96  101  107  114  122  131  141  152  163  173  182  189  194  198
  201  203  206  209  212  216  220  224  226  227  228  231  234  240  245  251
  256  261  264  267  269  271  273  277  281  286  288  287  284  278  271  264
  258  254  249  243  236  226  215  206  197
    45.0-180.0 180.0   5.0 450.0                            LAT/LON1/LON2/DLON/H
  195  185  176  167  159  152  144  135  125  115  105   97   90   86   85   86
   89   93   98  104  112  121  131  141  151  162  171  179  186  193  199  204
  207  209  212  214  218  223  230  235  239  242  243  245  247  251  256  262
  268  273  276  277  277  276  276  279  283  287  290  291  289  284  277  270
  263  257  252  245  236  226  214  204  195
    42.5-180.0 180.0   5.0 450.0                            LAT/LON1/LON2/DLON/H
  191  180  171  163  156  152  149  145  139  130  120  111  102   96   93   93
   95   99  104  111  119  130  141  152  161  170  178  183  189  195  202  209
  213  216  218  220  225  232  240  249  255  260  262  264  266  269  273  278
  283  287  288  286  280  276  274  275  278  283  286  288  288  285  280  274
  268  262  256  249  239  228  215  202  191
    40.0-180.0 180.0   5.0 450.0                            LAT/LON1/LON2/DLON/H
  189  176  164  155  150  149  150  151  149  145  136  125  116  108  104  102
  103  107  112  119  129  140  152  163  173  179  185  188  191  198  207  215
  221  225  227  229  233  242  252  264  273  280  284  287  289  293  297  300
  303  304  302  295  286  277  273  274  278  281  284  286  287  286  284  280
  274  269  263  256  246  233  219  204  189
    37.5-180.0 180.0   5.0 450.0                            LAT/LON1/LON2/DLON/H
  194  177  162  150  145  145  149  154  157  156  150  141  130  121  115  113
  113  115  120  127  137  150  163  174  184  191  193  194  197  203  213  223
  231  234  237  239  244  253  265  279  292  301  308  313  318  324  328  331
  331  329  323  314  301  291  286  287  291  294  295  296  296  296  294  291
  286  280  274  266  256  244  229  213  194
    35.0-180.0 180.0   5.0 450.0                            LAT/LON1/LON2/DLON/H
  206  185  167  153  145  145  149  156  164  166  163  156  145  136  128  124
  122  124  127  134  145  158  172  186  197  203  205  205  206  211  221  232
  241  246  248  250  255  265  279  295  310  322  332  340  350  359  366  368
  367  363  356  347  333  323  321  324  329  330  327  322  320  317  315  310
  305  297  288  278  268  256  243  225  206
    32.5-180.0 180.0   5.0 450.0                            LAT/LON1/LON2/DLON/H
  220  199  180  165  155  152  154  162  170  176  175  169  159  149  140  134
  131  130  133  140  151  165  183  199  212  220  221  219  218  223  232  243
  252  258  261  262  268  279  294  312  329  343  355  366  381  396  407  410
  409  407  403  395  386  381  385  393  398  395  385  373  364  356  350  341
  331  318  304  291  279  268  256  240  220
    30.0-180.0 180.0   5.0 450.0                            LAT/LON1/LON2/DLON/H
  236  217  198  183  173  167  167  172  179  185  186  181  172  162  152  144
  139  136  138  144  155  172  192  213  229  237  239  236  234  236  244  254
  264  270  274  277  283  295  310  329  347  364  378  392  411  431  447  454
  456  459  461  461  460  463  473  486  490  481  463  442  424  409  396  382
  364  343  321  302  287  276  265  252  236
    27.5-180.0 180.0   5.0 450.0                            LAT/LON1/LON2/DLON/H
  247  232  217  204  193  186  182  184  190  195  196  191  182  173  163  155
  148  143  144  149  160  178  202  226  245  255  257  253  249  249  255  265
  275  283  288  293  300  312  328  347  368  385  400  418  439  463  482  494
  503  513  524  533  540  552  570  586  588  573  546  517  489  467  447  425
  399  368  337  310  290  277  268  259  247
    25.0-180.0 180.0   5.0 450.0                            LAT/LON1/LON2/DLON/H
  251  242  232  222  213  204  198  197  200  204  204  198  190  183  175  166
  157  152  151  156  166  185  210  237  258  269  272  267  262  262  267  276
  286  296  303  311  320  333  350  369  390  408  424  443  466  491  512  528
  543  561  581  598  613  632  654  671  671  649  617  582  548  519  492  463
  429  390  350  316  290  274  264  258  251
    22.5-180.0 180.0   5.0 450.0                            LAT/LON1/LON2/DLON/H
  248  243  238  232  226  217  209  206  209  212  209  203  197  192  186  177
  169  162  161  163  173  190  215  243  265  278  280  276  271  271  277  287
  298  310  320  331  343  356  373  394  415  433  450  469  491  514  535  553
  571  595  621  645  665  685  708  723  718  694  659  623  588  556  524  488
  448  404  359  319  287  267  256  251  248
    20.0-180.0 180.0   5.0 450.0                            LAT/LON1/LON2/DLON/H
  240  238  236  234  229  220  212  209  211  215  212  206  201  198  195  189
  181  174  171  171  178  192  215  241  264  278  281  279  277  279  286  297
  311  325  339  352  367  382  399  421  442  460  477  495  514  533  551  567
  585  610  638  663  683  700  718  727  719  695  664  633  602  569  533  495
  452  407  362  320  286  262  248  243  240
    17.5-180.0 180.0   5.0 450.0                            LAT/LON1/LON2/DLON/H
  232  230  230  228  224  215  207  204  208  213  211  206  202  202  201  197
  191  185  180  178  181  191  209  233  256  271  277  278  279  284  295  309
  324  340  358  375  391  406  425  447  468  486  502  519  535  549  561  571
  585  606  632  654  669  679  689  693  682  662  639  618  593  562  525  484
  442  399  359  321  288  261  244  236  232
    15.0-180.0 180.0   5.0 450.0                            LAT/LON1/LON2/DLON/H
  228  224  222  220  214  205  197  195  199  205  205  201  200  202  203  201
  197  191  186  181  180  185  198  219  241  259  269  275  280  290  304  321
  338  356  376  396  412  428  447  469  490  508  524  539  552  561  566  569
  576  591  611  628  635  638  640  636  625  612  599  590  573  544  504  462
  422  386  353  323  294  267  247  234  228
    12.5-180.0 180.0   5.0 450.0                            LAT/LON1/LON2/DLON/H
  230  224  220  214  205  195  187  184  188  194  196  195  194  196  199  199
  197  192  186  180  175  175  183  201  224  245  261  272  283  297  315  334
  352  372  393  414  429  443  461  483  503  521  537  551  562  568  570  567
  567  574  587  597  599  594  587  579  570  563  563  563  554  524  481  438
  400  370  347  326  304  280  257  240  230
    10.0-180.0 180.0   5.0 450.0                            LAT/LON1/LON2/DLON/H
  240  232  225  214  202  190  181  176  177  181  185  185  184  187  190  192
  190  186  181  174  166  162  166  182  207  234  256  273  288  305  326  346
  365  384  406  425  438  449  465  484  504  522  539  553  565  572  573  569
  563  564  572  577  574  565  555  544  538  539  547  555  546  513  464  418
  381  357  342  331  317  296  273  253  240
     7.5-180.0 180.0   5.0 450.0                            LAT/LON1/LON2/DLON/H
  255  246  236  222  206  194  184  175  170  171  173  173  173  174  177  179
  179  176  171  164  154  148  150  165  192  224  253  275  294  314  336  356
  374  393  412  428  437  444  454  471  489  509  528  545  560  571  577  575
  570  569  574  576  571  562  551  542  539  546  558  566  554  514  458  408
  372  350  340  336  329  314  292  270  255
     5.0-180.0 180.0   5.0 450.0                            LAT/LON1/LON2/DLON/H
  274  265  252  235  218  206  194  181  170  164  162  161  160  160  163  165
  164  162  157  151  142  134  134  149  179  216  252  279  300  322  343  362
  378  394  410  422  426  427  432  445  463  484  505  526  546  564  579  586
  587  589  592  593  588  581  574  568  568  577  589  593  573  524  460  406
  370  349  340  340  340  330  309  288  274
     2.5-180.0 180.0   5.0 450.0                            LAT/LON1/LON2/DLON/H
  291  283  270  251  233  222  210  193  174  162  154  151  149  148  149  150
  149  146  143  138  130  121  120  135  166  208  248  280  304  325  344  362
  376  389  400  407  406  402  403  412  429  450  474  498  524  551  577  596
  606  613  617  618  615  613  611  609  611  620  627  623  593  535  465  408
  371  348  337  339  344  339  322  303  291
