data/corinthe/IONEX/igsg1680.15i
     1.0            IONOSPHERE MAPS     MIX                 IONEX VERSION / TYPE
cmpcmb v1.2          GRL/UWM             7-jul-15 17:18     PGM / RUN BY / DATE 
ionex file containing IGS COMBINED Ionosphere maps          COMMENT             
global ionosphere maps for day 168, 2015                    DESCRIPTION         
IONEX file containing the COMBINED IGS TEC MAPS and DCBs    DESCRIPTION         
      IONEX files of the following IAACs were combined: cod DESCRIPTION         
                                                        jpl DESCRIPTION         
Contact address: Andrzej Krankowski                         DESCRIPTION
                 Geodynamics Research Laboratory            DESCRIPTION
                 University of Warmia and Mazury (GRL/UWM)  DESCRIPTION
                 Oczapowski St. 1                           DESCRIPTION
                 10-957-Olsztyn, POLAND                     DESCRIPTION
                 e-mail:  kand@uwm.edu.pl                   DESCRIPTION
                                                            DESCRIPTION         
  2015     6    17     0     0     0                        EPOCH OF FIRST MAP  
  2015     6    18     0     0     0                        EPOCH OF LAST MAP   
  7200                                                      INTERVAL            
    13                                                      # OF MAPS IN FILE   
  COSZ                                                      MAPPING FUNCTION    
     0.0                                                    ELEVATION CUTOFF    
combined TEC calculated as weighted mean of input TEC valuesOBSERVABLES USED    
   321                                                      # OF STATIONS       
    32                                                      # OF SATELLITES     
  6371.0                                                    BASE RADIUS         
     2                                                      MAP DIMENSION       
   450.0 450.0   0.0                                        HGT1 / HGT2 / DHGT  
    87.5 -87.5  -2.5                                        LAT1 / LAT2 / DLAT  
  -180.0 180.0   5.0                                        LON1 / LON2 / DLON  
    -1                                                      EXPONENT            
TEC values in 0.1 tec units;  9999, if no value available   COMMENT             
DCB values in nanoseconds, reference is Sum_of_SatDCBs = 0  COMMENT             
                                                            END OF HEADER       
[from data line 2145]
     6                                                      START OF TEC MAP    
  2015     6    17    10     0     0                        EPOCH OF CURRENT MAP
    87.5-180.0 180.0   5.0 450.0                            LAT/LON1/LON2/DLON/H
  139  140  142  143  144  145  146  147  147  148  149  150  151  152  152  153
  153  154  154  154  154  154  154  154  154  154  154  153  153  152  152  151
  150  150  149  148  147  146  145  144  144  143  142  141  140  139  138  137
  136  135  135  134  134  133  132  132  131  131  131  131  131  131  132  132
  133  134  134  135  136  137  138  139  139
    85.0-180.0 180.0   5.0 450.0                            LAT/LON1/LON2/DLON/H
  139  141  143  145  147  148  150  151  153  154  156  157  158  159  160  161
  161  162  163  163  163  163  163  163  163  163  162  162  161  160  159  158
  157  156  154  153  151  150  148  147  145  144  143  141  139  138  137  135
  134  132  131  130  129  127  126  126  124  124  123  123  123  124  124  125
  126  127  128  130  131  133  135  137  139
    82.5-180.0 180.0   5.0 450.0                            LAT/LON1/LON2/DLON/H
  139  142  145  147  149  152  154  156  157  158  159  161  162  163  164  164
  165  166  167  167  167  168  168  168  168  167  166  166  165  164  162  162
  160  158  157  156  154  153  152  150  149  147  146  144  143  142  140  139
  137  135  134  132  130  128  126  125  123  122  120  120  120  119  120  121
  122  124  125  127  130  133  135  137  139
    80.0-180.0 180.0   5.0 450.0                            LAT/LON1/LON2/DLON/H
  142  145  147  150  153  154  156  158  159  160  161  161  162  162  163  163
  164  164  165  165  166  166  166  166  166  166  165  164  163  162  162  160
  159  158  157  156  155  154  154  153  153  152  152  151  151  150  149  148
  147  146  143  142  139  136  134  131  129  127  125  123  122  121  122  122
  123  125  126  128  131  133  136  139  142
    77.5-180.0 180.0   5.0 450.0                            LAT/LON1/LON2/DLON/H
  144  147  150  153  155  157  159  160  160  160  160  159  158  158  157  157
  157  157  157  157  157  157  157  157  158  157  157  157  157  156  155  155
  154  154  154  154  155  155  156  157  158  159  160  162  162  163  164  164
  164  162  161  158  155  152  149  145  141  138  135  133  131  130  129  129
  129  130  130  132  133  135  138  141  144
    75.0-180.0 180.0   5.0 450.0                            LAT/LON1/LON2/DLON/H
  144  147  151  154  156  158  159  160  160  158  157  155  153  151  150  148
  147  146  145  145  144  144  143  143  143  143  144  144  145  146  146  147
  148  149  150  151  154  155  158  161  164  168  172  174  178  180  182  184
  185  184  182  179  176  172  168  163  158  154  150  147  145  143  142  140
  139  138  137  137  136  137  139  141  144
    72.5-180.0 180.0   5.0 450.0                            LAT/LON1/LON2/DLON/H
  142  145  149  153  155  158  158  159  158  156  153  150  147  144  141  138
  137  134  133  131  130  129  128  127  127  128  129  131  133  135  137  139
  141  144  147  150  153  157  162  167  173  179  185  191  196  201  204  206
  208  207  206  202  198  194  188  182  177  172  168  165  162  160  158  155
  152  149  146  143  141  139  139  140  142
    70.0-180.0 180.0   5.0 450.0                            LAT/LON1/LON2/DLON/H
  140  142  145  149  152  155  156  156  155  152  149  144  141  137  133  130
  127  125  122  119  117  115  113  112  112  113  116  119  122  125  129  133
  137  141  145  150  155  161  168  175  184  192  201  209  216  222  227  229
  231  230  227  224  219  213  206  199  194  188  184  181  180  178  175  172
  168  164  157  151  146  142  139  138  140
    67.5-180.0 180.0   5.0 450.0                            LAT/LON1/LON2/DLON/H
  137  138  141  144  147  149  150  150  149  146  143  139  135  131  128  124
  121  118  115  111  108  105  102  101  100  103  106  111  115  120  125  130
  136  142  148  155  161  168  177  187  197  208  219  229  238  244  249  251
  251  250  245  241  234  227  220  212  207  202  199  197  197  196  194  191
  186  180  171  162  154  146  141  138  137
    65.0-180.0 180.0   5.0 450.0                            LAT/LON1/LON2/DLON/H
  138  136  137  138  140  142  143  143  142  139  135  132  129  126  123  120
  118  115  111  107  103   99   96   95   95   98  102  108  113  119  125  132
  140  147  155  163  171  180  189  200  212  225  237  248  258  266  269  270
  268  265  259  252  245  237  228  222  215  212  210  210  211  212  213  211
  206  198  188  177  166  156  148  142  138
    62.5-180.0 180.0   5.0 450.0                            LAT/LON1/LON2/DLON/H
  143  138  136  135  135  134  134  133  132  130  126  124  122  121  119  118
  116  114  110  107  102   98   96   94   95   99  103  110  116  123  130  137
  146  156  166  176  185  195  205  216  229  242  255  268  278  285  287  286
  282  275  268  260  252  244  236  229  223  219  219  220  224  227  229  228
  225  218  208  196  183  171  160  150  143
    60.0-180.0 180.0   5.0 450.0                            LAT/LON1/LON2/DLON/H
  155  146  140  135  131  129  126  124  121  118  116  114  114  114  114  115
  114  113  111  108  104  101   98   97   99  103  109  116  123  129  137  145
  156  168  180  192  202  211  222  233  246  259  273  285  295  301  302  299
  293  284  275  267  259  251  243  236  230  227  226  229  233  238  242  244
  242  236  228  217  204  190  178  165  155
    57.5-180.0 180.0   5.0 450.0                            LAT/LON1/LON2/DLON/H
  171  160  149  140  133  126  121  116  111  107  105  104  105  106  108  110
  112  111  110  108  106  103  102  103  106  110  116  124  130  137  145  155
  167  181  196  209  220  230  240  250  262  274  288  300  309  315  314  310
  301  292  282  274  267  260  254  246  239  235  234  236  240  246  251  254
  255  252  245  236  225  213  199  185  171
    55.0-180.0 180.0   5.0 450.0                            LAT/LON1/LON2/DLON/H
  190  175  162  150  139  129  120  112  105   99   96   95   96   98  101  104
  106  107  107  106  105  105  107  109  113  118  125  131  138  145  154  164
  178  195  211  226  239  249  258  267  277  289  301  313  322  326  326  320
  310  300  290  283  278  272  266  259  252  245  241  242  244  249  255  260
  263  263  259  253  245  233  219  205  190
    52.5-180.0 180.0   5.0 450.0                            LAT/LON1/LON2/DLON/H
  208  192  177  162  149  137  125  114  104   96   92   89   90   91   94   97
  100  100  102  103  105  108  111  115  120  125  132  138  145  152  161  173
  189  208  227  243  257  267  276  285  294  303  315  325  333  337  336  329
  319  308  299  294  290  287  281  274  265  256  249  246  247  250  256  261
  266  268  267  263  257  248  237  223  208
    50.0-180.0 180.0   5.0 450.0                            LAT/LON1/LON2/DLON/H
  220  205  190  175  160  146  133  120  109   99   92   89   87   87   89   91
   93   95   97  100  104  109  115  121  126  132  137  143  150  158  168  182
  200  221  241  259  274  285  294  303  311  320  329  338  345  347  345  339
  328  319  310  305  302  301  297  289  278  267  257  251  248  250  254  260
  266  268  269  267  263  256  246  233  220
    47.5-180.0 180.0   5.0 450.0                            LAT/LON1/LON2/DLON/H
  225  211  197  183  169  156  143  129  118  108   99   94   90   88   88   89
   90   92   94   98  104  113  121  128  133  138  142  148  155  164  176  192
  211  233  255  274  290  303  314  323  331  339  346  352  357  359  357  349
  339  329  321  316  314  313  309  301  289  276  265  255  250  249  252  258
  264  267  267  266  262  257  248  237  225
    45.0-180.0 180.0   5.0 450.0                            LAT/LON1/LON2/DLON/H
  224  211  199  185  173  162  151  140  130  120  111  104   98   94   92   90
   92   92   95   99  107  116  127  135  140  144  147  152  160  170  184  201
  222  245  267  287  304  319  333  345  355  362  366  369  372  373  370  362
  352  342  333  327  324  322  318  309  297  284  271  261  254  251  254  259
  264  267  266  263  258  252  244  235  224
    42.5-180.0 180.0   5.0 450.0                            LAT/LON1/LON2/DLON/H
  217  206  193  182  171  162  155  149  141  134  125  117  109  103  100   98
   97   98   99  103  111  122  135  144  149  151  153  158  166  177  193  212
  233  256  278  299  317  335  352  368  380  386  388  389  390  390  386  379
  368  357  347  339  333  329  323  315  302  290  278  269  261  258  260  265
  270  271  268  263  255  247  238  229  217
    40.0-180.0 180.0   5.0 450.0                            LAT/LON1/LON2/DLON/H
  210  198  184  173  165  159  156  154  151  147  141  133  124  117  111  108
  106  106  107  109  117  129  143  154  158  159  160  165  173  185  202  221
  242  265  286  307  327  348  370  389  403  410  410  409  409  408  405  399
  389  377  365  355  346  339  331  321  309  298  287  278  271  268  270  275
  279  279  274  265  254  244  232  222  210
    37.5-180.0 180.0   5.0 450.0                            LAT/LON1/LON2/DLON/H
  205  190  176  164  157  153  154  157  159  159  156  149  140  131  124  120
  118  117  115  116  123  137  152  164  168  168  168  172  181  194  210  229
  249  270  291  311  333  357  383  405  422  429  429  427  427  428  427  423
  414  403  391  379  368  358  347  335  322  310  298  289  282  280  282  287
  291  290  283  271  258  244  232  219  205
    35.0-180.0 180.0   5.0 450.0                            LAT/LON1/LON2/DLON/H
  205  188  172  158  151  149  152  158  165  170  169  163  155  146  138  133
  130  127  124  122  129  143  161  174  178  177  176  180  190  203  218  235
  253  272  292  312  335  362  390  416  434  442  442  441  443  447  451  450
  445  436  425  413  402  390  377  361  344  328  313  301  293  290  294  299
  303  301  292  278  263  249  235  221  205
    32.5-180.0 180.0   5.0 450.0                            LAT/LON1/LON2/DLON/H
  212  192  174  160  152  149  153  161  172  179  181  177  168  159  150  145
  141  135  130  127  134  150  169  184  188  186  184  188  197  210  224  239
  255  272  291  311  335  362  391  418  437  446  448  449  455  464  474  479
  479  475  468  460  450  437  421  401  378  353  331  313  301  298  301  308
  311  308  298  285  270  256  242  229  212
    30.0-180.0 180.0   5.0 450.0                            LAT/LON1/LON2/DLON/H
  224  204  184  169  160  158  161  170  181  190  193  189  181  170  161  154
  149  142  134  130  138  155  178  194  197  193  190  195  204  216  228  240
  254  271  289  309  333  360  388  415  433  444  448  453  463  479  495  507
  515  518  519  516  509  498  479  453  420  384  351  324  306  301  305  311
  313  309  300  287  275  263  253  240  224
    27.5-180.0 180.0   5.0 450.0                            LAT/LON1/LON2/DLON/H
  239  220  200  186  177  173  175  183  193  202  205  201  192  181  170  161
  153  144  135  132  141  161  185  203  205  199  195  199  209  220  231  241
  254  270  288  309  333  359  386  410  427  438  445  453  468  490  513  533
  548  561  570  574  572  561  541  509  465  417  371  334  309  301  304  309
  310  305  296  285  275  267  262  254  239
    25.0-180.0 180.0   5.0 450.0                            LAT/LON1/LON2/DLON/H
  255  238  221  208  201  197  197  202  209  216  217  212  203  190  177  166
  156  145  135  133  144  167  194  211  212  204  199  203  213  224  233  242
  254  270  291  313  337  362  386  407  424  435  443  454  472  498  526  553
  575  596  613  623  626  617  596  558  506  447  390  343  312  300  301  304
  302  296  287  279  271  268  268  265  255
    22.5-180.0 180.0   5.0 450.0                            LAT/LON1/LON2/DLON/H
  268  255  241  233  228  224  222  223  227  231  230  223  212  198  183  169
  156  143  133  134  148  174  201  218  218  208  202  207  217  228  236  245
  257  274  297  322  346  370  393  412  428  439  447  458  476  503  534  563
  590  616  639  654  660  654  632  593  536  470  407  354  318  301  298  298
  294  285  277  270  265  265  269  272  268
    20.0-180.0 180.0   5.0 450.0                            LAT/LON1/LON2/DLON/H
  274  268  260  257  256  252  248  245  245  245  241  232  220  205  188  171
  155  140  132  136  154  180  208  223  221  211  206  211  221  232  241  250
  262  282  308  336  363  386  408  427  441  450  457  464  480  505  536  565
  592  618  642  658  666  662  644  607  551  486  421  367  328  307  299  293
  286  277  268  261  257  259  266  273  274
    17.5-180.0 180.0   5.0 450.0                            LAT/LON1/LON2/DLON/H
  274  274  274  278  280  277  271  264  260  255  248  238  226  211  192  172
  153  139  131  138  159  187  213  226  224  214  210  216  227  238  248  258
  271  294  323  354  384  410  431  449  462  469  471  473  483  504  530  555
  579  601  621  636  644  644  632  601  553  493  435  383  343  317  303  292
  282  272  263  256  252  253  260  269  274
    15.0-180.0 180.0   5.0 450.0                            LAT/LON1/LON2/DLON/H
  268  275  283  292  298  296  287  277  269  260  251  239  227  213  195  173
  153  138  132  140  163  190  214  225  223  216  214  220  232  245  256  267
  283  307  340  374  407  435  457  473  484  487  485  482  486  500  519  538
  554  569  583  595  605  610  604  584  545  497  447  402  362  332  310  295
  283  272  263  255  250  249  253  261  268
    12.5-180.0 180.0   5.0 450.0                            LAT/LON1/LON2/DLON/H
  260  273  288  301  308  306  295  283  271  259  247  235  225  213  197  175
  155  139  134  144  166  190  210  220  219  216  217  226  238  252  265  279
  296  321  355  392  427  456  478  493  502  502  496  488  487  494  506  517
  525  533  540  550  560  570  572  562  535  498  459  421  384  349  321  300
  286  275  267  259  253  250  248  251  260
    10.0-180.0 180.0   5.0 450.0                            LAT/LON1/LON2/DLON/H
  253  270  290  305  311  307  295  281  266  252  238  226  217  208  195  178
  158  144  139  148  166  186  201  210  212  214  220  230  243  258  274  289
  308  333  366  403  439  468  488  502  508  506  498  489  484  488  494  498
  500  501  503  511  523  538  547  545  527  500  470  439  404  367  333  306
  290  280  273  268  261  255  247  245  253
     7.5-180.0 180.0   5.0 450.0                            LAT/LON1/LON2/DLON/H
  250  270  291  305  309  302  289  273  258  241  225  213  206  200  191  178
  163  151  146  152  164  177  187  195  201  209  221  233  246  261  280  298
  317  341  371  407  439  466  484  495  500  498  491  484  480  482  485  486
  485  482  483  491  506  523  535  536  523  502  478  452  420  380  342  311
  292  284  280  278  273  264  251  244  250
     5.0-180.0 180.0   5.0 450.0                            LAT/LON1/LON2/DLON/H
  254  274  293  304  304  294  279  263  247  230  212  199  192  189  184  177
  167  157  153  155  161  166  171  177  187  202  218  233  246  263  282  302
  321  343  369  399  427  450  465  474  479  479  476  473  473  477  481  483
  482  480  482  491  508  526  536  534  521  501  481  458  427  387  345  311
  290  283  284  286  284  276  261  249  254
     2.5-180.0 180.0   5.0 450.0                            LAT/LON1/LON2/DLON/H
  262  279  296  303  298  286  270  254  239  221  203  188  180  177  175  173
  168  162  158  158  157  154  152  157  171  191  213  229  243  260  281  302
  320  339  359  382  405  422  434  443  449  452  454  457  464  473  481  486
  488  490  496  507  524  538  543  536  518  495  474  452  423  384  341  305
  283  277  281  288  292  286  271  258  262
