data/corinthe/IONEX/igsg1610.15i
     1.0            IONOSPHERE MAPS     MIX                 IONEX VERSION / TYPE
cmpcmb v1.2          GRL/UWM            29-jun-15 22:56     PGM / RUN BY / DATE 
ionex file containing IGS COMBINED Ionosphere maps          COMMENT             
global ionosphere maps for day 161, 2015                    DESCRIPTION         
IONEX file containing the COMBINED IGS TEC MAPS and DCBs    DESCRIPTION         
      IONEX files of the following IAACs were combined: cod DESCRIPTION         
                                                        jpl DESCRIPTION         
Contact address: Andrzej Krankowski                         DESCRIPTION
                 Geodynamics Research Laboratory            DESCRIPTION
                 University of Warmia and Mazury (GRL/UWM)  DESCRIPTION
                 Oczapowski St. 1                           DESCRIPTION
                 10-957-Olsztyn, POLAND                     DESCRIPTION
                 e-mail:  kand@uwm.edu.pl                   DESCRIPTION
                                                            DESCRIPTION         
  2015     6    10     0     0     0                        EPOCH OF FIRST MAP  
  2015     6    11     0     0     0                        EPOCH OF LAST MAP   
  7200                                                      INTERVAL            
    13                                                      # OF MAPS IN FILE   
  COSZ                                                      MAPPING FUNCTION    
     0.0                                                    ELEVATION CUTOFF    
combined TEC calculated as weighted mean of input TEC valuesOBSERVABLES USED    
   322                                                      # OF STATIONS       
    32                                                      # OF SATELLITES     
  6371.0                                                    BASE RADIUS         
     2                                                      MAP DIMENSION       
   450.0 450.0   0.0                                        HGT1 / HGT2 / DHGT  
    87.5 -87.5  -2.5                                        LAT1 / LAT2 / DLAT  
  -180.0 180.0   5.0                                        LON1 / LON2 / DLON  
    -1                                                      EXPONENT            
TEC values in 0.1 tec units;  9999, if no value available   COMMENT             
DCB values in nanoseconds, reference is Sum_of_SatDCBs = 0  COMMENT             
                                                            END OF HEADER       
[from data line 1287]
     4                                                      START OF TEC MAP    
  2015     6    10     6     0     0                        EPOCH OF CURRENT MAP
    87.5-180.0 180.0   5.0 450.0                            LAT/LON1/LON2/DLON/H
  179  179  180  180  180  181  181  181  182  182  183  183  184  184  184  184
  185  185  185  185  185  185  185  185  185  185  185  184  184  184  184  184
  183  183  183  183  183  182  183  182  182  182  182  182  182  182  182  181
  181  181  181  180  181  180  180  180  180  180  179  179  179  179  179  179
  179  178  178  178  178  178  178  179  179
    85.0-180.0 180.0   5.0 450.0                            LAT/LON1/LON2/DLON/H
  177  178  178  179  179  180  181  182  183  184  184  185  187  187  188  189
  189  189  190  190  190  190  190  189  189  188  187  186  185  185  184  183
  183  183  183  183  182  182  182  182  183  183  183  184  184  184  185  185
  185  185  185  185  185  184  184  184  183  183  182  181  180  180  179  178
  178  178  177  177  177  177  177  177  177
    82.5-180.0 180.0   5.0 450.0                            LAT/LON1/LON2/DLON/H
  177  177  177  178  178  179  181  181  182  184  185  187  188  189  190  191
  192  193  193  193  193  192  191  190  188  187  186  184  183  182  181  180
  179  179  179  179  180  180  181  182  184  185  186  187  188  189  190  191
  191  192  193  193  193  193  193  192  191  190  189  188  187  185  184  182
  181  180  179  178  177  177  177  177  177
    80.0-180.0 180.0   5.0 450.0                            LAT/LON1/LON2/DLON/H
  178  177  178  177  178  178  179  179  180  181  183  184  186  187  189  190
  192  193  193  193  193  191  190  188  185  183  180  178  176  174  173  172
  172  172  173  174  176  178  180  182  184  187  189  191  194  196  198  200
  202  203  204  205  205  205  204  203  202  201  199  198  195  193  191  190
  188  186  184  182  181  180  179  178  178
    77.5-180.0 180.0   5.0 450.0                            LAT/LON1/LON2/DLON/H
  180  179  178  178  177  177  177  177  177  177  178  179  181  182  184  185
  187  189  190  190  189  188  185  182  178  174  171  168  165  163  162  162
  163  164  167  169  172  175  179  182  186  189  192  196  200  203  207  209
  212  214  216  218  218  218  217  216  214  213  210  208  206  204  201  198
  196  193  190  188  186  184  182  181  180
    75.0-180.0 180.0   5.0 450.0                            LAT/LON1/LON2/DLON/H
  183  182  180  179  177  176  175  173  172  171  171  171  172  173  175  177
  179  181  183  184  183  181  178  174  169  164  160  156  153  151  151  152
  154  158  161  166  170  174  178  183  187  191  196  200  205  210  214  218
  222  225  227  229  230  229  228  226  224  222  219  217  214  212  209  206
  203  201  197  195  192  189  187  185  183
    72.5-180.0 180.0   5.0 450.0                            LAT/LON1/LON2/DLON/H
  187  185  182  180  178  175  173  170  167  165  163  161  161  161  163  165
  169  172  174  176  176  174  171  166  160  154  149  144  142  141  142  145
  149  154  160  165  170  174  179  184  188  193  198  204  210  215  220  226
  230  234  236  237  237  236  234  232  229  225  223  221  218  216  214  211
  209  206  203  201  197  195  192  189  187
    70.0-180.0 180.0   5.0 450.0                            LAT/LON1/LON2/DLON/H
  191  188  185  182  179  175  172  168  163  159  155  152  150  149  149  153
  157  161  166  168  169  167  163  158  151  144  139  135  134  135  138  143
  149  155  161  167  172  177  181  185  190  194  200  206  213  220  226  232
  237  240  242  242  241  239  235  231  227  223  221  218  217  216  215  213
  212  210  207  205  202  199  197  193  191
    67.5-180.0 180.0   5.0 450.0                            LAT/LON1/LON2/DLON/H
  193  191  188  184  180  176  171  166  160  154  148  144  139  137  137  139
  144  150  155  159  160  159  154  148  142  136  131  130  130  132  138  144
  152  159  165  171  176  180  183  187  191  195  202  209  216  224  231  238
  242  245  246  244  241  236  231  225  220  216  213  211  211  211  211  211
  210  210  208  206  205  202  199  196  193
    65.0-180.0 180.0   5.0 450.0                            LAT/LON1/LON2/DLON/H
  196  194  190  187  182  178  172  166  159  152  144  137  132  128  127  129
  134  139  144  148  150  148  145  139  132  128  125  126  129  134  141  149
  157  165  171  176  180  183  185  189  192  197  204  212  221  230  238  244
  248  250  248  244  238  231  224  217  211  206  203  202  202  203  204  205
  207  207  207  207  206  204  202  200  196
    62.5-180.0 180.0   5.0 450.0                            LAT/LON1/LON2/DLON/H
  200  197  194  190  185  180  174  167  160  152  144  135  127  122  119  120
  123  129  134  137  138  136  132  127  123  120  120  123  129  137  145  154
  163  171  177  181  184  186  188  190  194  200  208  217  227  237  246  252
  255  255  252  245  237  227  218  209  202  196  193  192  193  195  198  201
  203  205  206  206  206  206  205  203  200
    60.0-180.0 180.0   5.0 450.0                            LAT/LON1/LON2/DLON/H
  205  202  199  194  189  184  177  170  163  155  146  137  127  120  115  114
  116  120  123  125  125  122  118  114  112  112  115  121  129  138  148  158
  167  174  180  184  187  188  191  193  198  204  214  224  236  247  256  263
  265  263  258  249  238  227  216  206  197  192  188  187  189  191  194  198
  201  204  206  208  208  208  207  207  205
    57.5-180.0 180.0   5.0 450.0                            LAT/LON1/LON2/DLON/H
  211  209  205  201  196  189  182  175  168  160  151  140  130  120  114  111
  110  112  113  113  111  108  104  102  101  104  111  119  129  139  149  159
  168  175  181  186  189  191  193  197  202  210  221  234  247  259  268  275
  277  274  267  257  244  232  219  209  200  193  189  189  190  192  195  199
  202  205  208  210  211  212  212  211  211
    55.0-180.0 180.0   5.0 450.0                            LAT/LON1/LON2/DLON/H
  218  217  214  211  205  198  191  183  175  167  156  145  133  122  114  109
  107  107  106  104  100   95   91   91   93   99  107  117  128  138  148  156
  165  173  180  186  190  194  197  202  209  217  229  243  258  271  281  288
  290  288  280  269  256  243  230  218  208  201  197  196  197  199  201  205
  207  210  212  214  216  218  218  218  218
    52.5-180.0 180.0   5.0 450.0                            LAT/LON1/LON2/DLON/H
  227  227  226  223  218  210  202  194  185  175  164  150  137  124  115  108
  106  105  102   98   93   87   84   85   90   98  108  118  127  136  145  153
  162  170  179  186  193  197  202  208  214  225  238  253  269  283  295  302
  305  303  296  285  273  259  245  233  222  214  210  208  209  210  212  214
  216  218  220  222  223  224  225  226  227
    50.0-180.0 180.0   5.0 450.0                            LAT/LON1/LON2/DLON/H
  235  237  238  236  232  224  216  207  197  185  172  156  140  125  115  110
  107  106  103   98   92   86   84   87   94  104  113  121  128  135  142  150
  159  169  179  189  197  203  209  214  221  231  245  261  277  293  306  315
  319  319  314  304  292  278  264  250  238  229  225  222  222  223  224  226
  227  228  230  231  232  232  232  234  235
    47.5-180.0 180.0   5.0 450.0                            LAT/LON1/LON2/DLON/H
  243  246  249  248  244  238  230  220  209  196  179  161  142  127  117  112
  111  111  109  104   98   93   93   99  107  116  124  129  132  136  141  148
  158  169  182  194  204  211  216  222  228  237  251  267  285  301  315  327
  333  335  332  323  312  299  283  268  255  245  239  236  235  236  237  237
  238  240  241  241  241  240  240  241  243
    45.0-180.0 180.0   5.0 450.0                            LAT/LON1/LON2/DLON/H
  250  253  256  256  254  249  242  232  220  205  186  166  145  129  120  116
  117  118  118  116  111  109  112  119  128  136  140  141  140  141  144  151
  161  175  189  203  214  221  226  230  235  243  256  272  290  308  324  337
  346  350  348  342  331  318  302  287  272  260  253  249  247  247  247  248
  249  250  251  252  251  249  247  248  250
    42.5-180.0 180.0   5.0 450.0                            LAT/LON1/LON2/DLON/H
  255  257  259  259  257  254  247  239  227  212  192  171  150  133  124  122
  125  129  131  131  130  133  139  148  157  161  161  156  152  150  152  158
  169  184  200  215  227  235  238  240  243  250  261  277  295  314  331  346
  357  362  363  358  349  337  323  306  291  277  267  261  258  257  256  256
  258  261  262  263  262  260  256  255  255
    40.0-180.0 180.0   5.0 450.0                            LAT/LON1/LON2/DLON/H
  261  259  258  257  254  251  247  240  229  215  197  176  157  141  131  130
  134  140  146  149  153  160  170  180  187  188  182  174  166  162  163  169
  180  195  213  230  243  250  252  251  252  257  267  283  300  319  336  352
  364  371  374  372  366  357  345  330  314  299  287  277  272  268  266  266
  268  272  275  277  276  272  267  263  261
    37.5-180.0 180.0   5.0 450.0                            LAT/LON1/LON2/DLON/H
  269  263  257  251  245  242  238  234  226  215  199  183  166  151  141  139
  143  150  158  166  175  187  201  213  217  213  203  191  182  177  177  182
  192  207  225  243  258  265  265  263  262  265  275  289  306  323  341  356
  369  378  383  385  384  379  372  361  346  331  315  303  293  286  282  279
  281  285  291  295  294  289  282  276  269
    35.0-180.0 180.0   5.0 450.0                            LAT/LON1/LON2/DLON/H
  281  269  257  244  235  229  227  224  218  210  200  189  177  164  153  148
  151  158  169  181  195  213  229  240  242  233  219  205  196  192  192  195
  203  217  235  254  270  278  278  274  272  275  284  297  312  328  343  359
  371  382  391  398  403  408  407  402  390  374  356  340  325  313  303  298
  298  303  312  316  316  312  303  292  281
    32.5-180.0 180.0   5.0 450.0                            LAT/LON1/LON2/DLON/H
  300  282  262  243  228  219  215  213  209  205  201  196  188  177  165  157
  158  165  177  193  212  233  251  260  258  245  229  214  207  205  205  206
  210  221  238  259  277  286  287  283  282  285  293  305  318  332  345  358
  370  383  397  413  428  442  451  452  445  430  409  389  369  350  333  321
  319  325  335  343  344  339  329  316  300
    30.0-180.0 180.0   5.0 450.0                            LAT/LON1/LON2/DLON/H
  325  301  275  250  229  216  210  207  204  201  201  203  200  190  177  167
  164  170  183  203  226  250  267  273  266  250  231  219  215  215  214  211
  211  219  234  256  277  288  290  289  290  294  303  314  324  335  346  356
  368  383  404  428  456  481  499  508  505  491  471  446  421  395  369  351
  344  350  362  373  376  370  358  344  325
    27.5-180.0 180.0   5.0 450.0                            LAT/LON1/LON2/DLON/H
  354  329  299  269  243  226  217  210  205  203  206  211  211  203  189  178
  172  176  191  213  238  261  276  278  267  248  229  218  217  218  215  208
  203  207  221  245  269  284  289  292  295  302  312  322  331  339  346  355
  366  384  411  446  484  519  546  561  562  550  529  503  474  442  409  383
  372  377  391  403  408  403  391  374  354
    25.0-180.0 180.0   5.0 450.0                            LAT/LON1/LON2/DLON/H
  387  362  332  299  271  250  236  227  218  213  214  221  222  215  202  190
  185  188  203  225  250  270  281  278  263  242  223  214  214  215  209  197
  187  188  201  227  255  274  284  291  298  309  320  330  339  344  349  355
  366  387  421  464  510  552  584  603  607  598  578  552  521  485  447  416
  400  403  418  434  440  435  422  406  387
    22.5-180.0 180.0   5.0 450.0                            LAT/LON1/LON2/DLON/H
  420  399  371  340  310  287  271  257  242  232  230  234  235  228  217  207
  203  206  220  240  261  277  282  274  256  233  215  206  205  204  194  178
  165  163  177  205  237  262  277  289  300  315  328  339  346  352  355  360
  372  396  433  480  530  573  606  627  633  626  609  585  555  520  480  446
  428  430  444  461  469  464  450  436  420
    20.0-180.0 180.0   5.0 450.0                            LAT/LON1/LON2/DLON/H
  448  432  410  383  355  333  315  297  277  260  254  253  251  244  236  229
  227  231  241  256  271  280  279  267  246  224  206  196  193  188  175  156
  141  138  153  184  220  249  271  287  303  321  337  349  357  362  365  371
  383  408  449  497  543  583  611  630  637  634  620  600  575  544  509  475
  456  454  467  484  492  486  474  461  448
    17.5-180.0 180.0   5.0 450.0                            LAT/LON1/LON2/DLON/H
  469  458  442  421  397  377  360  341  317  295  282  277  271  265  258  255
  255  258  265  272  278  278  271  256  236  214  197  186  179  169  154  134
  119  118  133  166  204  239  265  287  308  329  347  359  369  375  381  388
  403  428  467  511  551  581  602  618  626  626  617  602  583  559  531  502
  482  478  488  502  510  505  492  480  469
    15.0-180.0 180.0   5.0 450.0                            LAT/LON1/LON2/DLON/H
  482  474  463  447  426  410  397  381  356  330  313  304  296  287  283  281
  283  284  285  284  279  272  260  243  223  204  187  174  163  150  133  116
  103  103  119  152  194  231  262  287  312  336  356  370  381  389  399  410
  426  453  488  524  553  573  587  600  611  615  609  598  585  569  550  527
  509  502  507  518  524  519  507  493  482
    12.5-180.0 180.0   5.0 450.0                            LAT/LON1/LON2/DLON/H
  490  481  471  455  437  424  416  405  384  359  341  331  321  312  308  307
  307  304  298  287  274  260  245  229  211  192  176  161  147  132  117  103
   94   96  113  144  185  224  258  288  317  343  364  379  392  403  417  432
  452  477  508  536  555  565  574  588  603  609  605  596  587  577  567  550
  534  524  525  532  536  533  520  503  490
    10.0-180.0 180.0   5.0 450.0                            LAT/LON1/LON2/DLON/H
  495  481  467  447  426  416  414  410  397  377  362  353  344  336  330  326
  323  315  302  282  261  242  227  212  197  181  164  148  132  117  106   97
   92   94  109  138  176  216  253  287  319  347  368  385  398  413  431  450
  472  498  524  546  558  564  572  590  609  618  612  601  591  586  580  569
  555  544  542  545  549  545  533  513  495
     7.5-180.0 180.0   5.0 450.0                            LAT/LON1/LON2/DLON/H
  504  484  462  433  405  390  392  396  392  381  372  367  361  352  345  338
  329  315  295  268  242  222  208  196  183  169  152  134  117  105   97   94
   92   94  107  134  169  208  247  283  317  346  368  384  398  414  435  460
  484  511  536  554  564  570  583  607  632  640  631  614  601  593  588  580
  569  559  555  556  559  558  547  527  504
     5.0-180.0 180.0   5.0 450.0                            LAT/LON1/LON2/DLON/H
  521  496  465  424  385  363  363  371  376  374  372  373  368  360  351  340
  325  305  279  248  220  200  189  181  171  157  139  120  104   94   91   93
   93   95  105  127  158  198  238  276  311  340  361  375  389  405  429  456
  486  514  538  557  568  579  599  632  661  669  654  630  609  597  589  582
  573  564  561  563  566  568  561  544  521
     2.5-180.0 180.0   5.0 450.0                            LAT/LON1/LON2/DLON/H
  547  520  483  432  380  349  344  352  360  364  367  370  367  358  347  332
  312  288  258  226  197  180  172  167  159  145  126  107   93   86   86   90
   91   92  100  118  147  185  226  265  300  328  347  359  371  387  413  443
  476  506  533  553  568  586  615  654  686  692  671  640  612  592  579  571
  563  558  557  560  566  572  573  565  547
