data/corinthe/IONEX/igsg1670.15i
     1.0            IONOSPHERE MAPS     MIX                 IONEX VERSION / TYPE
cmpcmb v1.2          GRL/UWM             7-jul-15 17:13     PGM / RUN BY / DATE 
ionex file containing IGS COMBINED Ionosphere maps          COMMENT             
global ionosphere maps for day 167, 2015                    DESCRIPTION         
IONEX file containing the COMBINED IGS TEC MAPS and DCBs    DESCRIPTION         
      IONEX files of the following IAACs were combined: cod DESCRIPTION         
                                                        jpl DESCRIPTION         
Contact address: Andrzej Krankowski                         DESCRIPTION
                 Geodynamics Research Laboratory            DESCRIPTION
                 University of Warmia and Mazury (GRL/UWM)  DESCRIPTION
                 Oczapowski St. 1                           DESCRIPTION
                 10-957-Olsztyn, POLAND                     DESCRIPTION
                 e-mail:  kand@uwm.edu.pl                   DESCRIPTION
                                                            DESCRIPTION         
  2015     6    16     0     0     0                        EPOCH OF FIRST MAP  
  2015     6    17     0     0     0                        EPOCH OF LAST MAP   
  7200                                                      INTERVAL            
    13                                                      # OF MAPS IN FILE   
  COSZ                                                      MAPPING FUNCTION    
     0.0                                                    ELEVATION CUTOFF    
combined TEC calculated as weighted mean of input TEC valuesOBSERVABLES USED    
   320                                                      # OF STATIONS       
    32                                                      # OF SATELLITES     
  6371.0                                                    BASE RADIUS         
     2                                                      MAP DIMENSION       
   450.0 450.0   0.0                                        HGT1 / HGT2 / DHGT  
    87.5 -87.5  -2.5                                        LAT1 / LAT2 / DLAT  
  -180.0 180.0   5.0                                        LON1 / LON2 / DLON  
    -1                                                      EXPONENT            
TEC values in 0.1 tec units;  9999, if no value available   COMMENT             
DCB values in nanoseconds, reference is Sum_of_SatDCBs = 0  COMMENT             
                                                            END OF HEADER       
[from data line 4290]
    11                                                      START OF TEC MAP    
  2015     6    16    20     0     0                        EPOCH OF CURRENT MAP
    87.5-180.0 180.0   5.0 450.0                            LAT/LON1/LON2/DLON/H
  161  162  162  162  162  162  162  162  162  162  163  163  163  163  163  162
  163  163  163  162  162  162  161  161  161  160  160  160  160  160  159  159
  159  159  158  158  158  157  157  157  157  157  157  157  156  156  156  156
  156  156  156  156  156  156  156  157  157  157  157  158  158  158  158  159
  159  159  160  160  160  161  161  161  161
    85.0-180.0 180.0   5.0 450.0                            LAT/LON1/LON2/DLON/H
  161  161  162  162  162  163  163  163  163  163  163  164  163  164  164  163
  164  163  163  163  162  162  162  161  161  160  160  159  159  158  157  157
  156  156  156  155  155  154  154  154  153  153  153  153  152  152  152  152
  152  152  151  151  152  152  152  152  152  153  153  154  155  155  156  156
  157  157  158  158  159  160  160  160  161
    82.5-180.0 180.0   5.0 450.0                            LAT/LON1/LON2/DLON/H
  159  160  161  161  161  162  162  162  163  163  163  163  163  163  163  163
  163  163  163  163  163  163  162  161  160  159  159  158  156  156  155  154
  153  153  152  152  152  151  151  151  150  150  150  150  150  149  149  148
  148  148  148  148  148  148  148  148  149  149  150  150  151  152  152  153
  154  155  156  156  157  158  158  159  159
    80.0-180.0 180.0   5.0 450.0                            LAT/LON1/LON2/DLON/H
  157  158  158  160  160  161  161  162  162  162  162  163  163  162  163  163
  163  163  163  163  163  163  163  162  161  159  157  156  155  153  152  151
  150  149  149  149  149  149  149  149  149  149  149  148  148  147  147  147
  146  146  146  146  146  146  146  147  147  147  148  148  148  149  150  150
  151  152  152  153  154  155  156  156  157
    77.5-180.0 180.0   5.0 450.0                            LAT/LON1/LON2/DLON/H
  156  156  157  159  160  161  162  163  163  163  163  163  163  163  163  163
  163  164  165  165  165  165  164  163  162  160  158  155  153  151  150  148
  147  147  147  147  148  149  149  150  150  151  150  149  149  148  147  147
  146  146  146  146  147  147  147  148  148  148  148  148  149  149  149  149
  150  150  151  152  152  153  153  154  156
    75.0-180.0 180.0   5.0 450.0                            LAT/LON1/LON2/DLON/H
  155  156  157  159  161  163  164  165  166  167  167  166  166  165  164  165
  165  166  166  167  168  168  168  166  164  162  159  156  152  150  148  146
  146  146  146  148  149  151  152  154  154  155  154  153  152  151  150  149
  148  149  149  150  150  151  152  152  152  152  152  152  151  151  151  151
  151  151  151  151  152  152  153  154  155
    72.5-180.0 180.0   5.0 450.0                            LAT/LON1/LON2/DLON/H
  156  158  159  161  163  166  168  170  171  172  172  171  171  169  168  168
  167  168  169  171  172  172  172  170  168  165  161  157  154  150  149  147
  146  147  148  150  152  155  157  159  161  160  160  159  157  156  154  153
  153  153  154  156  157  157  158  159  158  158  158  157  157  156  156  155
  155  154  154  154  154  154  155  155  156
    70.0-180.0 180.0   5.0 450.0                            LAT/LON1/LON2/DLON/H
  160  161  162  164  167  170  173  176  178  180  180  179  177  175  173  172
  171  172  173  175  177  177  177  175  172  168  165  160  157  154  151  150
  150  151  153  155  158  161  165  167  168  169  168  166  164  161  160  159
  159  160  161  162  163  164  165  165  165  165  164  164  164  163  163  162
  162  161  160  160  160  159  160  159  160
    67.5-180.0 180.0   5.0 450.0                            LAT/LON1/LON2/DLON/H
  166  166  167  167  170  173  178  182  186  188  189  189  186  183  180  177
  176  177  178  180  182  183  181  180  177  173  169  165  161  159  156  156
  156  156  158  160  163  168  172  175  177  178  176  173  171  167  165  164
  164  165  166  168  169  170  170  169  169  169  170  171  171  171  172  171
  170  170  169  169  169  168  168  167  166
    65.0-180.0 180.0   5.0 450.0                            LAT/LON1/LON2/DLON/H
  175  173  172  172  174  177  182  187  193  196  198  197  194  191  186  183
  181  181  183  185  187  187  186  184  181  177  174  171  168  166  165  164
  164  164  165  166  170  174  179  182  186  186  184  181  177  173  170  168
  168  169  171  171  171  171  170  169  169  170  172  175  177  179  180  181
  181  180  180  180  179  179  178  177  175
    62.5-180.0 180.0   5.0 450.0                            LAT/LON1/LON2/DLON/H
  186  182  179  177  178  181  186  192  199  203  206  205  202  197  192  188
  186  186  187  189  191  191  190  187  184  182  179  177  176  175  175  175
  174  173  173  173  175  179  184  189  192  193  191  187  182  176  173  170
  170  170  172  172  170  168  166  164  165  167  171  177  181  185  187  190
  190  191  191  191  192  191  190  188  186
    60.0-180.0 180.0   5.0 450.0                            LAT/LON1/LON2/DLON/H
  197  193  188  185  184  186  191  196  203  208  211  211  208  203  197  192
  190  189  190  192  194  194  192  190  187  185  184  184  185  186  187  187
  186  184  181  180  181  184  189  195  198  199  196  191  185  178  173  170
  170  171  170  170  167  162  158  155  156  161  167  174  182  188  192  195
  197  199  200  201  202  203  203  201  197
    57.5-180.0 180.0   5.0 450.0                            LAT/LON1/LON2/DLON/H
  211  205  199  195  192  193  196  201  207  212  215  215  212  206  201  196
  192  192  192  195  195  196  193  191  189  188  189  191  194  197  199  199
  198  195  191  188  187  189  195  200  203  204  200  194  186  179  173  169
  168  167  167  165  160  153  148  144  146  151  159  170  179  187  193  197
  201  204  206  209  212  214  215  214  211
    55.0-180.0 180.0   5.0 450.0                            LAT/LON1/LON2/DLON/H
  224  219  212  207  203  203  204  207  212  216  217  217  214  208  202  197
  194  193  194  195  196  196  194  191  191  192  194  198  203  208  211  212
  211  207  202  197  196  197  202  207  209  208  203  196  187  178  171  167
  164  164  162  158  152  144  137  133  135  141  151  162  172  182  190  197
  202  206  210  214  219  223  226  226  224
    52.5-180.0 180.0   5.0 450.0                            LAT/LON1/LON2/DLON/H
  236  232  226  221  217  215  215  216  218  220  220  218  214  209  203  198
  194  193  193  194  195  195  194  192  192  195  199  205  212  218  222  224
  223  220  214  210  208  209  212  215  215  212  206  197  187  177  168  163
  160  158  156  152  145  137  130  126  127  133  142  154  165  175  184  192
  199  205  210  216  223  230  234  236  236
    50.0-180.0 180.0   5.0 450.0                            LAT/LON1/LON2/DLON/H
  246  243  239  234  230  228  227  227  227  226  224  220  216  209  203  198
  193  192  192  193  194  194  193  193  194  199  205  213  221  227  233  235
  235  232  228  225  223  225  227  227  224  218  209  199  187  176  166  160
  155  153  151  147  141  133  126  122  123  128  136  147  157  168  179  188
  196  203  210  217  225  233  241  246  246
    47.5-180.0 180.0   5.0 450.0                            LAT/LON1/LON2/DLON/H
  253  252  248  244  242  241  240  239  236  233  228  223  218  211  204  199
  194  191  191  192  194  195  195  196  198  204  212  221  230  237  243  246
  247  246  244  242  243  245  245  242  235  225  213  200  187  175  165  157
  153  150  147  144  140  134  128  124  124  128  135  143  152  162  174  185
  194  202  210  217  227  237  245  251  253
    45.0-180.0 180.0   5.0 450.0                            LAT/LON1/LON2/DLON/H
  257  256  253  250  249  250  250  249  246  241  235  228  221  213  206  200
  195  192  191  192  195  197  198  200  204  211  220  230  239  247  253  257
  260  260  261  262  265  267  266  260  249  234  219  204  189  176  165  157
  152  150  148  146  143  139  135  132  130  132  136  143  150  161  172  184
  194  204  212  220  229  239  248  255  257
    42.5-180.0 180.0   5.0 450.0                            LAT/LON1/LON2/DLON/H
  257  255  251  249  251  255  257  258  256  251  244  235  227  218  210  203
  198  195  193  194  198  202  205  207  213  220  231  240  250  258  265  269
  273  276  278  282  287  290  287  277  262  244  226  208  192  179  167  160
  155  153  153  152  151  149  147  143  141  140  141  146  152  161  173  185
  198  208  216  224  233  241  250  256  257
    40.0-180.0 180.0   5.0 450.0                            LAT/LON1/LON2/DLON/H
  254  251  246  245  249  255  261  264  264  261  255  246  235  225  216  209
  203  199  197  199  204  210  214  218  224  233  243  254  263  271  277  283
  288  292  295  300  307  310  305  294  275  254  233  214  197  183  172  165
  161  161  161  163  164  163  161  158  153  149  148  151  155  163  175  189
  203  215  223  230  237  244  250  255  254
    37.5-180.0 180.0   5.0 450.0                            LAT/LON1/LON2/DLON/H
  250  244  239  238  244  254  263  271  273  273  268  259  247  235  225  217
  211  206  204  207  213  220  227  232  239  248  259  269  278  285  292  299
  303  307  310  315  321  324  319  304  284  261  240  220  203  189  178  172
  169  170  172  174  176  176  175  170  163  157  155  155  159  166  177  192
  208  221  231  237  242  247  251  253  250
    35.0-180.0 180.0   5.0 450.0                            LAT/LON1/LON2/DLON/H
  245  237  232  232  241  254  268  278  285  287  284  276  264  251  239  230
  223  216  215  218  227  236  243  249  256  265  276  286  294  301  308  314
  318  320  321  323  328  330  323  308  287  265  244  225  208  194  184  179
  177  179  181  183  186  186  183  177  169  161  157  157  159  166  177  193
  210  225  237  242  246  249  250  250  245
    32.5-180.0 180.0   5.0 450.0                            LAT/LON1/LON2/DLON/H
  242  234  229  232  243  260  277  291  301  307  306  300  287  272  260  250
  241  234  230  235  244  255  263  270  276  285  295  305  311  317  323  328
  330  329  325  323  325  324  317  302  283  263  245  228  212  198  188  183
  182  184  186  187  189  188  184  177  167  159  155  156  157  163  172  189
  208  226  239  245  248  249  250  248  242
    30.0-180.0 180.0   5.0 450.0                            LAT/LON1/LON2/DLON/H
  241  235  232  238  253  272  293  310  324  333  335  330  318  303  290  279
  269  259  253  256  266  278  287  293  297  304  314  323  329  334  338  341
  340  333  323  315  312  309  301  287  271  256  242  227  213  198  188  183
  182  183  184  184  183  181  176  168  159  152  150  150  151  155  164  181
  202  223  239  246  249  249  249  246  241
    27.5-180.0 180.0   5.0 450.0                            LAT/LON1/LON2/DLON/H
  243  240  242  252  270  293  317  337  353  365  371  368  358  345  333  321
  308  295  286  287  297  308  316  318  320  324  332  341  347  350  352  352
  346  333  316  300  291  286  279  268  256  245  235  223  210  196  184  178
  176  175  174  172  169  166  160  153  145  141  141  142  143  145  153  169
  193  217  236  245  248  248  248  247  243
    25.0-180.0 180.0   5.0 450.0                            LAT/LON1/LON2/DLON/H
  250  252  258  271  293  320  345  369  388  404  413  414  409  399  389  378
  362  345  331  329  336  346  351  348  344  344  350  359  364  366  366  362
  351  331  306  284  270  263  257  249  240  233  226  217  205  190  177  168
  164  162  159  155  150  145  140  134  130  129  131  134  134  134  141  158
  183  210  231  243  246  248  249  250  250
    22.5-180.0 180.0   5.0 450.0                            LAT/LON1/LON2/DLON/H
  261  267  278  295  320  349  377  402  424  442  457  465  467  464  458  448
  431  409  391  382  386  392  392  382  369  363  367  375  381  382  380  372
  355  329  297  270  254  247  242  235  229  223  218  211  198  183  167  156
  150  146  140  134  128  122  118  115  114  117  122  126  126  125  131  148
  174  204  228  241  246  248  251  255  261
    20.0-180.0 180.0   5.0 450.0                            LAT/LON1/LON2/DLON/H
  274  286  301  320  346  376  404  431  455  478  498  514  526  533  534  528
  511  486  462  448  447  448  440  420  397  384  383  391  398  399  394  382
  360  330  295  267  251  244  241  235  226  219  213  205  193  177  160  146
  136  129  121  114  107  102  100  100  103  109  116  121  121  120  126  143
  169  199  224  239  246  250  256  264  274
    17.5-180.0 180.0   5.0 450.0                            LAT/LON1/LON2/DLON/H
  290  306  323  343  369  397  425  451  477  504  531  556  579  596  607  607
  593  566  538  519  513  509  493  462  429  406  401  408  417  418  411  395
  368  336  301  275  262  259  256  247  234  222  212  203  190  173  154  137
  125  116  107   97   90   87   87   90   96  104  112  117  117  117  123  141
  168  196  222  238  247  253  262  274  290
    15.0-180.0 180.0   5.0 450.0                            LAT/LON1/LON2/DLON/H
  306  325  342  362  387  413  439  462  488  519  551  584  616  646  667  675
  665  640  610  588  578  569  546  504  461  431  421  428  437  437  427  407
  378  345  315  295  288  287  283  270  250  231  217  204  190  171  150  131
  117  105   95   86   80   79   81   87   94  104  112  117  117  117  124  142
  167  194  219  235  247  257  270  287  306
    12.5-180.0 180.0   5.0 450.0                            LAT/LON1/LON2/DLON/H
  321  341  357  375  398  423  444  465  489  520  555  594  634  673  706  722
  717  696  667  645  634  622  593  545  495  459  445  449  458  457  443  419
  389  359  334  321  319  320  316  298  271  244  224  207  192  172  151  129
  112   99   89   81   76   76   81   88   97  105  112  116  116  118  126  143
  165  190  213  231  246  260  278  299  321
    10.0-180.0 180.0   5.0 450.0                            LAT/LON1/LON2/DLON/H
  335  354  368  384  406  429  447  462  482  511  547  587  630  676  717  740
  741  725  701  682  672  659  629  580  527  489  473  474  479  474  456  428
  397  369  350  343  346  349  343  322  289  256  230  212  194  174  151  129
  110   97   86   79   77   79   85   92  100  107  113  116  117  119  126  141
  161  183  204  224  242  262  285  310  335
     7.5-180.0 180.0   5.0 450.0                            LAT/LON1/LON2/DLON/H
  346  365  377  391  413  436  450  458  472  496  529  566  609  657  702  729
  735  725  708  695  687  676  649  604  556  520  502  499  497  486  463  431
  398  372  358  355  359  362  357  335  299  262  233  212  194  174  152  129
  111   97   87   81   79   83   89   97  102  108  111  114  115  118  123  135
  152  170  192  214  237  263  290  320  346
     5.0-180.0 180.0   5.0 450.0                            LAT/LON1/LON2/DLON/H
  355  373  383  397  421  444  455  457  464  481  508  539  577  622  665  694
  703  699  690  682  679  672  652  617  578  546  527  518  509  491  461  425
  391  366  352  350  353  355  350  331  297  259  229  207  189  170  149  128
  110   96   87   82   81   86   92   98  102  105  108  111  113  114  118  126
  139  155  176  201  230  261  293  326  355
     2.5-180.0 180.0   5.0 450.0                            LAT/LON1/LON2/DLON/H
  359  378  388  404  431  456  465  462  461  471  490  514  543  578  615  641
  652  653  650  648  650  649  639  618  591  565  545  529  511  484  449  409
  373  347  331  326  325  327  324  311  280  245  216  195  178  161  142  124
  107   95   87   82   81   85   91   95   98  100  103  106  107  108  111  115
  124  138  159  188  221  256  293  329  359
