data/corinthe/IONEX/igsg1660.15i
     1.0            IONOSPHERE MAPS     MIX                 IONEX VERSION / TYPE
cmpcmb v1.2          GRL/UWM             7-jul-15 17:09     PGM / RUN BY / DATE 
ionex file containing IGS COMBINED Ionosphere maps          COMMENT             
global ionosphere maps for day 166, 2015                    DESCRIPTION         
IONEX file containing the COMBINED IGS TEC MAPS and DCBs    DESCRIPTION         
      IONEX files of the following IAACs were combined: cod DESCRIPTION         
                                                        jpl DESCRIPTION         
Contact address: Andrzej Krankowski                         DESCRIPTION
                 Geodynamics Research Laboratory            DESCRIPTION
                 University of Warmia and Mazury (GRL/UWM)  DESCRIPTION
                 Oczapowski St. 1                           DESCRIPTION
                 10-957-Olsztyn, POLAND                     DESCRIPTION
                 e-mail:  kand@uwm.edu.pl                   DESCRIPTION
                                                            DESCRIPTION         
  2015     6    15     0     0     0                        EPOCH OF FIRST MAP  
  2015     6    16     0     0     0                        EPOCH OF LAST MAP   
  7200                                                      INTERVAL            
    13                                                      # OF MAPS IN FILE   
  COSZ                                                      MAPPING FUNCTION    
     0.0                                                    ELEVATION CUTOFF    
combined TEC calculated as weighted mean of input TEC valuesOBSERVABLES USED    
   316                                                      # OF STATIONS       
    32                                                      # OF SATELLITES     
  6371.0                                                    BASE RADIUS         
     2                                                      MAP DIMENSION       
   450.0 450.0   0.0                                        HGT1 / HGT2 / DHGT  
    87.5 -87.5  -2.5                                        LAT1 / LAT2 / DLAT  
  -180.0 180.0   5.0                                        LON1 / LON2 / DLON  
    -1                                                      EXPONENT            
TEC values in 0.1 tec units;  9999, if no value available   COMMENT             
DCB values in nanoseconds, reference is Sum_of_SatDCBs = 0  COMMENT             
                                                            END OF HEADER       
[from data line 858]
     3                                                      START OF TEC MAP    
  2015     6    15     4     0     0                        EPOCH OF CURRENT MAP
    87.5-180.0 180.0   5.0 450.0                            LAT/LON1/LON2/DLON/H
  186  186  187  187  187  187  187  187  186  186  185  185  185  184  184  183
  182  182  181  180  180  179  178  177  177  176  176  175  175  175  174  174
  174  174  174  174  174  174  174  174  174  175  175  175  175  175  176  176
  176  177  177  177  178  178  178  179  179  179  180  180  180  181  181  182
  182  183  184  184  184  185  185  186  186
    85.0-180.0 180.0   5.0 450.0                            LAT/LON1/LON2/DLON/H
  194  195  196  196  197  197  197  197  196  195  195  193  192  191  189  188
  186  184  183  181  179  178  176  175  173  172  172  171  170  169  169  169
  169  169  169  169  170  170  171  171  172  173  173  174  175  176  176  177
  177  178  178  178  178  179  179  179  179  180  180  181  181  182  183  184
  185  186  187  188  189  191  192  193  194
    82.5-180.0 180.0   5.0 450.0                            LAT/LON1/LON2/DLON/H
  203  204  206  207  207  208  207  207  205  204  202  200  198  196  194  191
  189  186  183  181  178  176  174  171  169  168  167  166  165  164  164  164
  164  165  165  166  167  168  170  171  172  173  175  176  177  178  179  180
  181  181  181  181  182  182  181  181  181  181  181  181  182  182  183  184
  186  188  190  192  194  197  199  201  203
    80.0-180.0 180.0   5.0 450.0                            LAT/LON1/LON2/DLON/H
  210  213  214  215  216  216  215  214  212  210  208  205  202  199  196  192
  189  186  182  179  176  173  170  167  165  163  161  160  159  159  159  160
  161  162  163  165  167  168  170  172  174  175  177  179  180  182  183  184
  185  186  186  186  186  185  185  184  184  183  182  182  182  183  183  185
  187  189  192  195  198  201  204  208  210
    77.5-180.0 180.0   5.0 450.0                            LAT/LON1/LON2/DLON/H
  215  218  219  221  221  221  220  218  216  213  210  206  203  199  195  191
  188  184  180  177  173  170  166  163  160  158  156  155  154  154  155  157
  158  160  163  165  168  170  172  175  176  178  180  182  184  186  187  189
  190  191  191  191  191  190  188  187  186  184  183  183  182  182  183  184
  186  189  192  196  199  204  208  211  215
    75.0-180.0 180.0   5.0 450.0                            LAT/LON1/LON2/DLON/H
  216  219  221  222  223  223  221  219  216  213  209  205  201  197  192  188
  184  181  177  174  170  166  163  159  156  153  151  150  150  150  152  155
  157  161  164  167  170  173  175  177  179  181  183  185  187  189  191  192
  193  194  195  194  194  193  191  189  187  186  184  183  182  182  182  183
  185  187  190  194  198  203  208  212  216
    72.5-180.0 180.0   5.0 450.0                            LAT/LON1/LON2/DLON/H
  213  217  219  221  222  222  221  218  215  212  207  202  197  192  188  184
  180  176  173  170  166  163  160  156  152  148  146  145  145  147  150  153
  158  162  166  170  173  175  177  179  181  182  184  186  188  191  192  194
  196  196  197  197  195  194  193  191  189  187  185  183  182  182  182  182
  184  185  188  191  195  199  204  209  213
    70.0-180.0 180.0   5.0 450.0                            LAT/LON1/LON2/DLON/H
  207  211  214  217  219  219  218  216  213  209  204  199  193  187  183  178
  175  172  169  167  164  161  157  153  149  145  142  141  141  143  147  153
  159  164  169  173  175  177  178  179  180  182  184  186  189  191  194  196
  197  198  198  197  196  195  193  191  190  188  186  185  184  183  183  183
  183  183  185  187  190  194  198  203  207
    67.5-180.0 180.0   5.0 450.0                            LAT/LON1/LON2/DLON/H
  201  205  209  211  213  215  214  213  210  206  201  196  190  184  178  174
  170  168  166  164  162  159  155  151  146  142  138  137  138  141  146  152
  159  165  170  174  176  177  178  178  179  181  184  187  191  194  196  198
  199  199  200  199  198  196  194  192  191  190  189  188  187  186  186  185
  184  184  184  184  186  189  192  197  201
    65.0-180.0 180.0   5.0 450.0                            LAT/LON1/LON2/DLON/H
  195  199  202  205  208  209  210  210  207  204  200  194  188  182  176  170
  167  164  162  161  159  156  153  148  144  139  136  134  136  139  144  151
  158  165  170  173  175  176  176  176  178  181  185  190  195  198  201  203
  203  203  202  202  200  199  197  196  195  194  194  193  193  193  192  190
  188  187  185  184  184  185  188  191  195
    62.5-180.0 180.0   5.0 450.0                            LAT/LON1/LON2/DLON/H
  192  195  198  200  202  204  206  206  205  203  199  194  188  182  175  170
  165  162  160  159  157  155  151  146  141  137  134  133  135  139  144  151
  157  163  168  171  172  173  173  175  178  183  190  197  203  208  210  211
  211  210  209  208  207  205  204  202  201  201  201  201  201  201  199  198
  195  192  189  187  186  186  187  189  192
    60.0-180.0 180.0   5.0 450.0                            LAT/LON1/LON2/DLON/H
  193  195  196  198  199  201  202  203  203  202  200  196  190  183  176  170
  166  162  160  158  156  153  149  145  140  137  134  134  136  141  145  151
  155  159  163  166  168  169  171  175  181  190  199  209  216  221  224  224
  223  222  221  220  218  217  215  213  213  212  212  212  211  211  209  207
  204  200  196  193  190  189  190  192  193
    57.5-180.0 180.0   5.0 450.0                            LAT/LON1/LON2/DLON/H
  199  199  199  198  198  199  200  201  202  202  200  197  192  186  179  173
  168  164  161  158  155  152  148  144  141  138  136  137  140  144  148  151
  153  155  157  159  162  165  170  177  188  200  214  225  234  240  242  241
  240  239  238  237  235  234  232  230  228  227  226  225  224  222  220  216
  213  208  204  200  198  197  197  198  199
    55.0-180.0 180.0   5.0 450.0                            LAT/LON1/LON2/DLON/H
  209  207  205  203  201  200  201  201  201  201  200  198  194  188  182  176
  172  168  165  161  157  153  149  146  143  141  142  144  147  151  152  152
  151  150  150  152  156  162  170  182  197  214  231  244  255  261  263  263
  262  261  261  261  259  257  254  251  248  246  243  241  238  235  230  226
  222  217  213  209  206  206  207  208  209
    52.5-180.0 180.0   5.0 450.0                            LAT/LON1/LON2/DLON/H
  220  218  214  210  207  205  204  203  202  201  201  199  196  191  185  180
  176  173  171  166  162  157  153  150  149  148  149  152  155  158  158  154
  150  146  145  146  151  160  172  188  207  228  247  263  275  282  285  287
  288  289  290  291  289  286  281  276  271  267  263  258  253  247  241  235
  230  226  222  219  216  216  218  219  220
    50.0-180.0 180.0   5.0 450.0                            LAT/LON1/LON2/DLON/H
  231  229  225  220  216  213  210  208  205  202  201  199  196  191  186  182
  180  179  177  174  169  164  160  158  157  157  159  162  165  166  163  157
  149  143  140  142  148  160  175  194  216  240  262  280  293  301  308  312
  316  320  322  323  321  316  309  302  295  289  282  276  268  260  251  244
  239  236  232  229  227  227  228  230  231
    47.5-180.0 180.0   5.0 450.0                            LAT/LON1/LON2/DLON/H
  242  240  236  231  227  224  220  216  211  206  203  201  197  191  185  182
  182  184  185  183  179  174  170  167  168  168  170  172  174  173  168  159
  150  143  139  142  149  161  179  200  224  249  271  290  306  318  328  337
  344  351  355  356  353  346  337  327  318  309  301  293  283  272  263  255
  250  247  244  240  237  237  239  241  242
    45.0-180.0 180.0   5.0 450.0                            LAT/LON1/LON2/DLON/H
  251  250  247  243  239  237  233  227  219  213  208  203  198  190  183  181
  182  187  192  194  192  187  183  181  181  182  183  184  182  178  172  162
  152  145  142  145  153  167  185  206  230  254  277  297  315  331  345  358
  369  378  384  385  380  372  360  347  337  327  318  309  298  287  276  269
  265  262  258  254  250  248  248  250  251
    42.5-180.0 180.0   5.0 450.0                            LAT/LON1/LON2/DLON/H
  259  258  255  252  251  250  247  241  232  223  216  209  201  191  182  178
  180  189  198  205  207  203  198  195  196  196  196  195  190  183  175  165
  157  152  151  154  162  175  193  213  235  257  279  300  320  339  357  374
  389  399  406  407  401  390  376  363  351  342  332  323  313  302  292  286
  283  280  277  271  264  260  259  259  259
    40.0-180.0 180.0   5.0 450.0                            LAT/LON1/LON2/DLON/H
  266  264  261  260  261  262  261  256  247  236  227  218  207  194  181  176
  179  189  203  215  221  218  214  212  213  213  211  205  198  189  179  170
  164  162  163  168  176  187  203  221  241  260  280  300  322  344  364  384
  400  412  419  420  414  402  388  374  363  354  346  338  329  319  311  307
  305  303  298  290  281  274  270  268  266
    37.5-180.0 180.0   5.0 450.0                            LAT/LON1/LON2/DLON/H
  274  269  266  265  268  272  273  270  262  252  241  230  217  200  184  175
  177  188  206  223  233  234  231  230  231  232  227  218  206  194  184  177
  174  176  180  185  193  202  215  230  247  264  282  301  322  345  366  386
  403  416  424  425  420  409  395  382  373  366  360  354  346  338  332  329
  329  327  321  312  301  291  284  279  274
    35.0-180.0 180.0   5.0 450.0                            LAT/LON1/LON2/DLON/H
  284  276  271  270  274  279  283  282  277  267  257  245  229  210  191  179
  177  188  207  229  243  248  249  251  253  252  244  231  215  201  191  186
  186  191  198  204  209  216  226  239  253  269  286  303  322  343  364  382
  399  412  421  424  421  412  402  391  385  379  375  371  364  358  354  353
  353  351  345  335  323  312  302  293  284
    32.5-180.0 180.0   5.0 450.0                            LAT/LON1/LON2/DLON/H
  299  288  279  276  279  285  291  293  290  283  274  262  245  223  202  187
  181  188  207  231  250  261  267  273  278  277  265  245  226  209  199  195
  198  205  214  219  223  227  234  246  260  275  290  305  321  338  357  374
  390  404  414  419  420  416  409  403  398  396  394  390  383  378  375  375
  375  374  368  359  347  336  324  312  299
    30.0-180.0 180.0   5.0 450.0                            LAT/LON1/LON2/DLON/H
  321  306  294  287  287  293  299  303  304  299  291  280  263  242  219  200
  191  192  207  232  256  274  287  298  305  302  285  260  236  216  205  202
  206  214  223  228  229  230  236  248  263  279  292  305  318  331  347  363
  378  393  405  414  419  421  419  417  416  416  414  410  403  398  395  394
  394  392  388  381  373  364  352  337  321
    27.5-180.0 180.0   5.0 450.0                            LAT/LON1/LON2/DLON/H
  350  332  317  307  303  306  311  316  318  317  311  301  285  265  242  221
  205  201  212  235  263  288  308  324  331  326  303  272  243  221  208  204
  207  215  223  226  225  225  231  244  260  276  290  301  311  321  335  350
  365  381  396  410  420  427  431  433  435  437  435  430  422  416  413  411
  411  409  407  404  400  395  385  369  350
    25.0-180.0 180.0   5.0 450.0                            LAT/LON1/LON2/DLON/H
  388  369  352  339  331  329  330  334  337  337  332  324  310  291  270  247
  227  217  222  243  274  305  331  349  355  344  315  279  245  220  205  199
  200  206  212  214  213  212  218  231  249  266  281  290  299  309  322  338
  355  372  391  409  424  437  445  450  454  456  455  448  440  434  430  428
  427  426  425  426  428  429  422  407  388
    22.5-180.0 180.0   5.0 450.0                            LAT/LON1/LON2/DLON/H
  431  414  397  382  370  362  359  360  361  361  357  350  338  322  302  280
  257  241  241  259  291  326  355  370  371  353  317  276  239  212  195  186
  185  189  193  194  192  192  198  211  230  248  263  273  283  296  311  329
  348  368  390  411  431  447  458  465  470  473  472  465  457  451  448  446
  444  443  444  449  457  463  460  448  431
    20.0-180.0 180.0   5.0 450.0                            LAT/LON1/LON2/DLON/H
  476  463  450  435  420  407  398  393  392  390  384  377  367  354  338  317
  293  274  268  283  314  350  378  387  377  349  307  262  225  198  178  167
  165  166  168  169  168  168  173  186  203  222  239  253  266  283  302  322
  345  368  393  418  440  458  470  478  482  486  485  480  474  469  466  465
  465  465  467  475  487  497  498  489  476
    17.5-180.0 180.0   5.0 450.0                            LAT/LON1/LON2/DLON/H
  520  512  502  489  474  458  442  433  427  420  413  404  395  385  372  354
  332  311  302  312  341  375  397  395  372  333  285  240  204  177  157  145
  141  141  143  143  143  144  147  156  173  192  212  231  250  272  296  320
  346  374  401  427  451  469  481  489  493  496  496  493  490  487  487  487
  489  490  493  501  515  528  533  528  520
    15.0-180.0 180.0   5.0 450.0                            LAT/LON1/LON2/DLON/H
  559  555  549  540  525  506  487  472  461  450  438  427  418  411  401  387
  368  349  338  344  368  397  410  395  357  306  254  211  179  154  135  123
  118  117  119  121  121  121  122  129  143  164  187  211  237  264  293  321
  351  381  411  438  462  480  492  499  503  506  507  508  507  507  507  510
  514  517  520  528  542  555  562  562  559
    12.5-180.0 180.0   5.0 450.0                            LAT/LON1/LON2/DLON/H
  591  591  588  581  567  548  525  507  491  473  456  443  435  429  422  412
  397  382  371  373  391  412  413  382  330  271  217  178  151  131  115  103
   98   98  100  103  104  103  101  105  118  139  167  196  228  259  291  323
  355  387  419  447  471  489  501  508  513  517  520  522  524  524  526  530
  537  543  546  552  563  577  586  590  591
    10.0-180.0 180.0   5.0 450.0                            LAT/LON1/LON2/DLON/H
  616  618  616  608  595  577  554  531  510  488  466  450  441  437  433  425
  416  406  397  396  407  417  404  359  295  230  178  144  125  110   97   87
   83   84   87   91   92   90   87   88  100  123  152  186  221  256  290  323
  356  390  422  452  478  498  511  520  525  529  534  538  540  539  540  546
  555  562  566  570  580  593  604  611  616
     7.5-180.0 180.0   5.0 450.0                            LAT/LON1/LON2/DLON/H
  637  639  635  625  611  593  570  545  519  491  465  447  438  435  432  427
  423  419  413  409  412  409  381  324  254  188  140  114  101   93   84   76
   75   76   80   85   85   83   78   79   89  111  141  178  216  253  286  319
  352  387  421  452  482  506  522  531  537  541  546  551  552  549  547  552
  563  573  577  580  588  601  616  629  637
     5.0-180.0 180.0   5.0 450.0                            LAT/LON1/LON2/DLON/H
  652  655  647  633  619  600  576  547  516  483  454  435  427  425  421  418
  420  421  418  411  404  388  349  284  212  149  108   89   84   81   76   72
   71   74   79   83   83   79   75   74   83  104  134  171  210  246  278  310
  342  377  413  448  482  510  528  537  543  548  553  558  557  549  544  548
  560  570  576  579  586  601  622  641  652
     2.5-180.0 180.0   5.0 450.0                            LAT/LON1/LON2/DLON/H
  663  665  655  639  622  603  578  544  507  469  438  418  410  408  404  403
  407  412  411  402  386  359  311  243  173  118   85   74   75   75   74   73
   74   77   81   83   82   78   72   72   79   98  126  162  200  235  266  295
  328  363  400  439  477  508  527  535  540  544  549  553  549  538  529  531
  543  555  562  566  575  593  620  646  663
