data/corinthe/IONEX/igsg1660.15i
     1.0            IONOSPHERE MAPS     MIX                 IONEX VERSION / TYPE
cmpcmb v1.2          GRL/UWM             7-jul-15 17:09     PGM / RUN BY / DATE 
ionex file containing IGS COMBINED Ionosphere maps          COMMENT             
global ionosphere maps for day 166, 2015                    DESCRIPTION         
IONEX file containing the COMBINED IGS TEC MAPS and DCBs    DESCRIPTION         
      IONEX files of the following IAACs were combined: cod DESCRIPTION         
                                                        jpl DESCRIPTION         
Contact address: Andrzej Krankowski                         DESCRIPTION
                 Geodynamics Research Laboratory            DESCRIPTION
                 University of Warmia and Mazury (GRL/UWM)  DESCRIPTION
                 Oczapowski St. 1                           DESCRIPTION
                 10-957-Olsztyn, POLAND                     DESCRIPTION
                 e-mail:  kand@uwm.edu.pl                   DESCRIPTION
                                                            DESCRIPTION         
  2015     6    15     0     0     0                        EPOCH OF FIRST MAP  
  2015     6    16     0     0     0                        EPOCH OF LAST MAP   
  7200                                                      INTERVAL            
    13                                                      # OF MAPS IN FILE   
  COSZ                                                      MAPPING FUNCTION    
     0.0                                                    ELEVATION CUTOFF    
combined TEC calculated as weighted mean of input TEC valuesOBSERVABLES USED    
   316                                                      # OF STATIONS       
    32                                                      # OF SATELLITES     
  6371.0                                                    BASE RADIUS         
     2                                                      MAP DIMENSION       
   450.0 450.0   0.0                                        HGT1 / HGT2 / DHGT  
    87.5 -87.5  -2.5                                        LAT1 / LAT2 / DLAT  
  -180.0 180.0   5.0                                        LON1 / LON2 / DLON  
    -1                                                      EXPONENT            
TEC values in 0.1 tec units;  9999, if no value available   COMMENT             
DCB values in nanoseconds, reference is Sum_of_SatDCBs = 0  COMMENT             
                                                            END OF HEADER       
[from data line 429]
     2                                                      START OF TEC MAP    
  2015     6    15     2     0     0                        EPOCH OF CURRENT MAP
    87.5-180.0 180.0   5.0 450.0                            LAT/LON1/LON2/DLON/H
  165  165  165  165  165  165  165  165  165  164  164  164  163  163  163  163
  162  162  162  161  161  161  160  160  159  159  158  158  158  157  157  157
  157  157  157  157  157  157  157  157  157  157  157  158  158  158  158  159
  159  160  160  161  161  162  162  162  163  163  163  164  164  164  164  165
  165  165  165  165  165  165  165  165  165
    85.0-180.0 180.0   5.0 450.0                            LAT/LON1/LON2/DLON/H
  171  171  171  171  171  171  171  171  170  170  170  170  170  169  169  168
  168  167  166  166  165  164  163  162  161  160  159  159  158  157  157  156
  156  155  155  155  155  156  156  156  156  157  157  158  159  159  160  161
  162  162  163  164  165  165  166  167  167  168  168  168  169  169  170  170
  170  171  171  171  171  171  171  171  171
    82.5-180.0 180.0   5.0 450.0                            LAT/LON1/LON2/DLON/H
  177  177  178  178  178  178  178  179  179  179  178  178  178  178  177  176
  175  174  173  172  171  169  167  166  165  163  162  160  159  158  158  157
  156  156  156  156  156  156  157  157  158  158  160  160  161  163  163  165
  166  167  167  169  169  170  171  172  172  173  173  174  174  175  175  175
  176  176  176  176  177  177  177  177  177
    80.0-180.0 180.0   5.0 450.0                            LAT/LON1/LON2/DLON/H
  182  183  184  184  185  185  186  187  187  187  188  188  187  187  187  186
  185  183  182  180  178  176  173  171  169  167  164  162  161  160  159  158
  157  157  157  157  157  158  159  160  161  162  163  164  166  167  168  169
  171  172  172  173  174  174  175  175  176  176  177  177  178  178  178  179
  179  179  180  180  180  181  181  182  182
    77.5-180.0 180.0   5.0 450.0                            LAT/LON1/LON2/DLON/H
  186  187  188  190  191  192  193  195  196  196  197  197  197  197  196  195
  194  192  190  187  185  181  178  175  171  169  166  163  162  160  159  158
  158  158  158  159  160  160  162  162  164  165  166  168  170  171  172  174
  175  176  176  177  177  177  177  177  177  177  177  177  178  178  179  179
  180  181  181  182  182  183  184  185  186
    75.0-180.0 180.0   5.0 450.0                            LAT/LON1/LON2/DLON/H
  187  188  191  193  195  197  199  201  202  203  204  205  205  205  204  203
  202  200  197  194  190  186  182  177  173  169  166  162  160  158  158  158
  158  158  159  160  161  162  164  165  166  168  170  171  173  175  176  177
  178  179  178  178  177  177  176  175  174  174  173  174  174  175  176  177
  178  179  180  181  182  183  184  185  187
    72.5-180.0 180.0   5.0 450.0                            LAT/LON1/LON2/DLON/H
  185  187  190  193  196  199  201  204  206  207  209  209  210  210  210  210
  208  206  203  199  195  189  184  178  173  167  163  160  157  155  155  156
  157  158  159  161  162  163  164  166  167  169  171  173  175  177  178  179
  180  180  179  178  176  175  173  171  170  169  169  169  170  171  172  173
  175  176  177  178  179  181  182  184  185
    70.0-180.0 180.0   5.0 450.0                            LAT/LON1/LON2/DLON/H
  181  183  186  189  192  197  200  203  207  209  211  212  213  214  214  213
  212  210  206  202  197  191  185  178  171  165  159  156  153  152  152  153
  154  156  158  159  160  161  163  164  166  168  171  174  176  178  180  181
  182  181  179  177  174  172  169  168  166  165  165  166  166  168  169  170
  171  173  174  175  176  177  179  180  181
    67.5-180.0 180.0   5.0 450.0                            LAT/LON1/LON2/DLON/H
  176  178  179  183  186  191  196  200  203  207  210  212  214  215  216  215
  214  211  207  203  198  191  185  177  169  162  156  152  149  148  149  150
  152  153  155  157  157  158  159  160  163  166  170  174  178  181  184  185
  184  183  181  177  174  171  168  166  165  164  164  165  166  167  168  169
  170  171  172  173  174  175  175  176  176
    65.0-180.0 180.0   5.0 450.0                            LAT/LON1/LON2/DLON/H
  173  172  173  175  179  183  188  193  198  203  207  211  213  215  216  215
  213  211  207  202  197  191  183  175  167  159  154  150  147  147  147  148
  150  151  152  152  153  152  153  155  158  163  169  175  181  186  189  190
  190  188  184  180  176  173  170  170  169  169  170  170  171  172  172  172
  172  172  173  174  174  175  174  173  173
    62.5-180.0 180.0   5.0 450.0                            LAT/LON1/LON2/DLON/H
  173  170  169  170  172  176  180  186  192  197  203  207  211  213  214  213
  212  208  205  201  196  190  183  175  167  159  154  150  148  148  149  149
  150  150  149  148  147  146  147  149  154  160  169  177  186  193  198  200
  200  197  193  188  183  180  179  179  179  180  181  182  182  182  181  179
  178  177  177  178  178  178  177  174  173
    60.0-180.0 180.0   5.0 450.0                            LAT/LON1/LON2/DLON/H
  178  174  171  169  169  171  175  179  185  191  197  203  208  211  212  211
  209  207  203  199  195  190  183  176  168  162  157  154  153  153  153  154
  152  150  147  145  142  141  141  144  150  158  169  182  194  204  210  214
  214  210  205  200  195  193  193  194  195  198  199  199  198  196  193  190
  187  185  185  185  185  185  184  182  178
    57.5-180.0 180.0   5.0 450.0                            LAT/LON1/LON2/DLON/H
  190  184  179  175  173  172  173  176  180  186  192  198  204  207  209  209
  208  205  202  198  195  191  185  179  172  166  163  163  163  163  163  161
  157  152  147  142  139  137  138  141  148  159  172  188  203  216  225  230
  230  227  222  217  213  212  213  215  218  220  221  221  218  214  209  203
  198  195  194  194  195  196  196  193  190
    55.0-180.0 180.0   5.0 450.0                            LAT/LON1/LON2/DLON/H
  206  200  194  188  183  180  178  177  179  183  189  194  200  204  207  208
  207  205  202  199  197  194  189  183  177  173  172  174  176  176  175  170
  163  156  148  142  138  136  137  141  149  160  176  194  212  227  239  245
  247  246  242  238  235  236  238  241  245  247  247  245  241  234  226  218
  211  207  206  206  208  210  211  209  206
    52.5-180.0 180.0   5.0 450.0                            LAT/LON1/LON2/DLON/H
  224  219  213  205  199  193  188  185  183  184  187  192  198  202  205  207
  207  206  204  202  201  199  195  189  184  181  182  186  189  190  187  180
  170  159  150  143  140  139  141  145  152  164  180  199  219  237  251  259
  264  264  263  262  262  264  268  271  274  275  273  269  263  255  244  235
  226  220  218  219  221  225  227  227  224
    50.0-180.0 180.0   5.0 450.0                            LAT/LON1/LON2/DLON/H
  243  239  233  226  219  211  204  196  191  188  189  192  197  201  205  207
  208  208  207  206  206  205  201  196  191  189  191  197  201  202  196  186
  174  162  153  147  145  145  148  152  159  169  184  203  224  244  260  270
  277  280  283  286  289  293  298  301  302  301  298  293  285  275  263  251
  242  235  232  232  235  240  243  245  243
    47.5-180.0 180.0   5.0 450.0                            LAT/LON1/LON2/DLON/H
  261  258  253  247  239  231  222  212  203  197  195  196  198  202  205  208
  210  211  211  212  213  213  210  204  198  195  198  204  209  208  202  190
  177  164  156  153  153  155  159  163  167  176  189  206  227  247  265  279
  288  295  301  308  314  321  326  327  326  323  319  313  304  293  281  269
  258  250  247  247  249  254  258  260  261
    45.0-180.0 180.0   5.0 450.0                            LAT/LON1/LON2/DLON/H
  276  274  270  265  259  250  240  229  218  209  204  203  203  205  207  210
  212  214  216  217  220  220  218  212  204  200  201  207  211  210  202  190
  176  166  161  161  165  169  173  176  178  184  193  209  228  249  268  284
  295  306  316  325  336  344  348  348  345  340  334  327  319  309  298  286
  276  268  263  263  264  268  272  274  276
    42.5-180.0 180.0   5.0 450.0                            LAT/LON1/LON2/DLON/H
  288  287  284  279  273  267  258  247  234  224  218  214  212  212  212  214
  216  218  220  222  226  228  227  220  210  204  203  207  210  208  200  188
  177  170  170  174  180  186  190  192  192  194  200  212  230  250  270  287
  301  313  325  338  350  359  363  361  355  349  343  337  330  322  313  302
  294  287  283  280  281  283  286  287  288
    40.0-180.0 180.0   5.0 450.0                            LAT/LON1/LON2/DLON/H
  298  297  294  290  286  281  275  264  252  241  234  229  226  223  221  221
  222  222  224  226  231  236  236  229  218  208  206  208  209  206  198  187
  179  177  182  191  200  207  210  209  208  207  209  218  233  251  270  288
  303  316  330  345  358  368  370  367  359  352  346  342  338  332  326  319
  313  308  304  302  300  300  299  300  298
    37.5-180.0 180.0   5.0 450.0                            LAT/LON1/LON2/DLON/H
  309  306  301  298  295  294  290  282  271  261  253  248  244  239  235  232
  230  228  228  230  236  242  245  240  228  217  212  211  211  207  200  191
  186  188  198  211  222  229  231  229  225  222  221  226  237  253  270  286
  300  314  329  344  359  370  372  367  359  352  347  345  343  341  338  335
  332  330  328  326  323  320  316  312  309
    35.0-180.0 180.0   5.0 450.0                            LAT/LON1/LON2/DLON/H
  320  314  309  305  305  306  305  300  291  282  276  271  266  261  255  248
  242  236  232  233  239  249  256  254  244  232  224  221  219  214  207  201
  198  203  216  232  243  250  251  248  244  238  235  235  242  254  268  281
  294  307  322  339  354  366  369  365  356  350  347  347  348  348  349  350
  351  352  353  352  348  342  335  327  320
    32.5-180.0 180.0   5.0 450.0                            LAT/LON1/LON2/DLON/H
  335  326  319  315  316  320  322  320  314  307  301  298  293  288  280  270
  259  248  239  237  243  257  269  272  265  254  245  239  233  227  220  213
  212  218  233  248  260  266  268  265  260  254  248  244  246  252  262  273
  283  295  310  327  345  358  363  360  354  349  348  349  352  355  359  363
  369  374  378  378  374  367  356  345  335
    30.0-180.0 180.0   5.0 450.0                            LAT/LON1/LON2/DLON/H
  353  342  334  331  333  339  344  345  341  336  331  328  325  319  309  296
  280  264  249  243  249  266  284  293  291  281  271  261  252  244  235  227
  224  229  243  258  269  275  277  276  273  265  257  250  246  246  252  259
  268  279  294  313  332  348  356  356  353  350  351  354  358  362  369  376
  385  394  401  403  399  392  380  367  353
    27.5-180.0 180.0   5.0 450.0                            LAT/LON1/LON2/DLON/H
  378  366  356  354  356  364  372  375  373  368  365  363  360  354  343  326
  306  284  264  254  260  279  301  317  318  310  297  284  271  259  247  235
  229  233  244  257  267  274  279  280  277  270  260  249  240  235  236  240
  248  260  277  298  319  338  348  352  353  354  356  361  365  371  378  388
  400  412  421  425  423  417  406  392  378
    25.0-180.0 180.0   5.0 450.0                            LAT/LON1/LON2/DLON/H
  407  395  387  384  388  397  406  411  410  406  403  401  398  391  379  360
  336  309  285  272  276  296  321  340  344  335  319  301  284  268  251  234
  224  224  232  244  254  262  270  273  272  264  253  239  226  218  215  218
  227  242  261  284  308  329  343  350  355  359  364  370  375  380  389  400
  414  428  439  445  446  442  433  421  407
    22.5-180.0 180.0   5.0 450.0                            LAT/LON1/LON2/DLON/H
  441  431  424  422  427  437  446  451  450  446  442  440  437  430  416  396
  371  341  314  298  300  318  343  362  364  351  329  307  285  265  244  222
  208  204  211  220  231  241  250  256  254  247  235  221  207  196  192  196
  208  225  249  275  301  323  340  352  360  368  376  382  387  393  402  413
  428  443  455  463  466  465  461  452  441
    20.0-180.0 180.0   5.0 450.0                            LAT/LON1/LON2/DLON/H
  476  469  464  465  471  479  488  492  490  485  481  478  474  467  453  432
  407  377  349  332  331  345  366  379  375  354  326  298  272  249  225  199
  181  177  181  191  201  212  223  228  226  220  211  199  185  173  169  175
  191  215  243  271  299  322  341  356  368  380  390  397  403  409  418  428
  442  457  470  479  485  488  487  483  476
    17.5-180.0 180.0   5.0 450.0                            LAT/LON1/LON2/DLON/H
  510  505  503  507  514  523  529  531  527  520  515  512  508  499  485  466
  442  414  387  368  363  372  385  390  375  344  309  275  247  223  197  169
  150  144  149  157  168  180  190  195  194  189  183  175  163  152  149  159
  180  209  241  273  301  325  345  363  379  394  406  415  421  427  435  444
  457  471  484  494  502  508  513  514  510
    15.0-180.0 180.0   5.0 450.0                            LAT/LON1/LON2/DLON/H
  540  537  538  545  554  562  566  565  558  549  543  539  533  525  510  492
  471  447  421  402  392  393  397  390  363  322  278  240  212  189  163  136
  117  112  116  126  137  149  159  163  162  160  158  153  144  134  133  146
  172  206  243  277  306  330  351  371  390  407  422  432  440  446  453  461
  471  485  498  508  517  527  537  541  540
    12.5-180.0 180.0   5.0 450.0                            LAT/LON1/LON2/DLON/H
  566  563  566  575  586  594  596  592  582  570  562  556  549  539  525  508
  489  468  446  426  412  405  398  379  341  289  238  198  172  151  129  105
   88   84   90   99  111  122  131  135  135  135  138  137  129  121  121  136
  166  205  244  279  309  335  357  380  401  420  436  447  456  463  469  476
  484  496  509  521  531  544  558  566  566
    10.0-180.0 180.0   5.0 450.0                            LAT/LON1/LON2/DLON/H
  587  584  587  597  609  617  618  611  599  585  573  564  554  542  527  511
  494  475  455  435  416  402  385  356  307  248  194  156  132  117  100   81
   68   66   73   83   94  105  112  115  116  120  125  126  119  111  111  127
  159  199  241  278  310  337  363  387  409  429  445  458  468  476  481  486
  493  505  519  531  543  559  577  588  587
     7.5-180.0 180.0   5.0 450.0                            LAT/LON1/LON2/DLON/H
  603  598  601  612  625  634  634  625  609  592  577  564  550  534  517  500
  483  466  448  427  404  383  359  322  268  205  152  117   99   90   80   67
   59   60   67   77   88   98  103  105  107  112  118  119  112  102  102  117
  148  187  230  269  305  337  366  393  415  433  449  462  473  482  487  490
  497  508  524  537  552  571  593  605  603
     5.0-180.0 180.0   5.0 450.0                            LAT/LON1/LON2/DLON/H
  614  608  610  622  636  646  645  633  615  594  576  558  538  518  497  477
  460  443  426  405  380  354  325  285  228  166  116   88   78   76   72   66
   62   66   74   84   93   99  102  103  103  108  113  113  104   94   93  106
  132  169  211  254  295  332  366  394  415  432  446  459  471  480  484  487
  492  505  522  538  555  578  602  616  614
     2.5-180.0 180.0   5.0 450.0                            LAT/LON1/LON2/DLON/H
  617  612  615  627  643  654  652  639  617  594  571  548  523  497  471  447
  426  411  394  374  349  321  290  249  194  137   94   73   71   76   79   78
   79   84   91   99  104  106  105  102  102  104  107  105   96   85   82   92
  115  147  187  233  279  324  362  391  410  423  435  448  460  469  472  474
  480  494  514  532  551  577  603  618  617
