data/corinthe/IONEX/igsg1610.15i
     1.0            IONOSPHERE MAPS     MIX                 IONEX VERSION / TYPE
cmpcmb v1.2          GRL/UWM            29-jun-15 22:56     PGM / RUN BY / DATE 
ionex file containing IGS COMBINED Ionosphere maps          COMMENT             
global ionosphere maps for day 161, 2015                    DESCRIPTION         
IONEX file containing the COMBINED IGS TEC MAPS and DCBs    DESCRIPTION         
      IONEX files of the following IAACs were combined: cod DESCRIPTION         
                                                        jpl DESCRIPTION         
Contact address: Andrzej Krankowski                         DESCRIPTION
                 Geodynamics Research Laboratory            DESCRIPTION
                 University of Warmia and Mazury (GRL/UWM)  DESCRIPTION
                 Oczapowski St. 1                           DESCRIPTION
                 10-957-Olsztyn, POLAND                     DESCRIPTION
                 e-mail:  kand@uwm.edu.pl                   DESCRIPTION
                                                            DESCRIPTION         
  2015     6    10     0     0     0                        EPOCH OF FIRST MAP  
  2015     6    11     0     0     0                        EPOCH OF LAST MAP   
  7200                                                      INTERVAL            
    13                                                      # OF MAPS IN FILE   
  COSZ                                                      MAPPING FUNCTION    
     0.0                                                    ELEVATION CUTOFF    
combined TEC calculated as weighted mean of input TEC valuesOBSERVABLES USED    
   322                                                      # OF STATIONS       
    32                                                      # OF SATELLITES     
  6371.0                                                    BASE RADIUS         
     2                                                      MAP DIMENSION       
   450.0 450.0   0.0                                        HGT1 / HGT2 / DHGT  
    87.5 -87.5  -2.5                                        LAT1 / LAT2 / DLAT  
  -180.0 180.0   5.0                                        LON1 / LON2 / DLON  
    -1                                                      EXPONENT            
TEC values in 0.1 tec units;  9999, if no value available   COMMENT             
DCB values in nanoseconds, reference is Sum_of_SatDCBs = 0  COMMENT             
                                                            END OF HEADER       
     1                                                      START OF TEC MAP    
  2015     6    10     0     0     0                        EPOCH OF CURRENT MAP
    87.5-180.0 180.0   5.0 450.0                            LAT/LON1/LON2/DLON/H
  178  178  179  179  179  179  179  179  178  178  178  177  177  176  176  175
  174  174  173  172  171  170  169  168  167  166  165  164  164  163  162  161
  161  160  160  159  159  158  158  158  158  159  159  159  160  160  161  161
  162  163  163  164  165  166  166  167  168  168  169  170  171  172  173  173
  174  174  175  176  176  177  177  178  178
    85.0-180.0 180.0   5.0 450.0                            LAT/LON1/LON2/DLON/H
  186  186  187  187  187  187  187  187  187  186  186  186  185  184  183  182
  181  179  178  176  174  172  171  168  166  165  162  160  159  156  155  154
  152  151  150  149  149  149  149  149  150  150  151  152  153  154  155  156
  157  158  160  161  162  163  165  166  168  169  170  172  173  174  176  177
  178  179  180  181  182  183  184  185  186
    82.5-180.0 180.0   5.0 450.0                            LAT/LON1/LON2/DLON/H
  191  192  193  194  194  194  194  194  194  194  193  192  192  191  189  188
  186  184  182  180  178  175  173  170  167  163  160  157  154  151  148  146
  144  143  142  141  141  141  142  143  143  144  145  147  148  149  151  152
  154  156  157  159  161  162  164  166  168  169  171  173  175  176  178  179
  181  183  184  185  187  188  189  190  191
    80.0-180.0 180.0   5.0 450.0                            LAT/LON1/LON2/DLON/H
  196  197  198  199  200  200  201  201  201  200  199  198  197  195  194  191
  190  187  185  183  180  177  174  170  167  163  158  154  149  145  142  140
  137  136  135  136  136  137  138  139  141  143  144  146  147  149  150  152
  153  155  156  158  160  162  164  166  168  169  171  173  175  177  178  180
  182  184  186  187  189  191  192  194  196
    77.5-180.0 180.0   5.0 450.0                            LAT/LON1/LON2/DLON/H
  198  200  201  203  205  206  206  206  207  206  204  203  200  198  195  192
  190  188  185  183  180  178  175  171  166  161  156  150  146  140  137  134
  132  131  131  132  134  136  139  141  143  144  146  147  148  150  151  153
  153  155  156  159  160  162  164  166  168  170  171  173  175  176  178  179
  181  183  185  187  190  192  194  196  198
    75.0-180.0 180.0   5.0 450.0                            LAT/LON1/LON2/DLON/H
  199  202  205  207  209  211  212  213  212  211  210  207  203  199  195  191
  187  184  182  180  178  175  173  169  165  159  154  147  141  136  132  129
  128  128  129  132  135  138  141  144  146  148  149  150  151  152  153  154
  155  156  158  160  161  163  165  167  169  170  172  173  174  175  176  178
  179  181  183  186  189  191  195  197  199
    72.5-180.0 180.0   5.0 450.0                            LAT/LON1/LON2/DLON/H
  200  203  206  209  211  214  216  218  218  217  215  211  206  200  193  188
  182  178  175  173  171  170  168  165  162  156  150  144  138  133  129  126
  126  127  130  134  138  142  146  148  150  152  153  153  154  154  155  155
  156  157  159  161  163  165  167  169  171  172  174  174  175  175  175  176
  177  179  181  184  187  191  194  197  200
    70.0-180.0 180.0   5.0 450.0                            LAT/LON1/LON2/DLON/H
  200  203  206  208  212  215  219  222  223  224  222  217  210  203  194  186
  178  172  167  165  163  162  161  160  157  153  148  142  137  131  128  127
  127  129  132  137  141  146  149  151  153  154  154  154  155  155  155  156
  158  159  161  163  166  169  172  174  176  178  178  179  178  177  177  176
  177  178  180  183  186  190  194  197  200
    67.5-180.0 180.0   5.0 450.0                            LAT/LON1/LON2/DLON/H
  201  202  204  206  208  213  218  223  227  229  228  224  217  208  197  185
  175  166  160  156  154  154  154  153  152  150  146  141  137  134  131  130
  131  134  137  141  145  148  151  152  153  152  153  152  153  154  155  157
  158  161  164  167  171  174  178  182  184  186  186  185  184  182  181  180
  179  180  181  184  188  192  196  199  201
    65.0-180.0 180.0   5.0 450.0                            LAT/LON1/LON2/DLON/H
  202  202  201  201  204  208  215  222  229  233  233  231  224  214  203  189
  176  165  157  151  148  147  148  148  148  147  145  142  140  138  137  137
  138  140  143  145  147  148  149  149  149  148  148  149  150  152  154  157
  160  163  166  171  176  181  186  191  195  197  198  196  194  191  189  186
  185  184  185  188  191  195  198  201  202
    62.5-180.0 180.0   5.0 450.0                            LAT/LON1/LON2/DLON/H
  205  203  201  199  199  204  210  219  227  234  237  237  231  222  211  197
  182  169  159  151  147  145  146  146  147  148  147  147  146  146  146  147
  148  149  149  149  149  148  146  145  143  142  142  143  146  149  153  156
  160  164  169  175  181  188  196  202  207  210  210  208  205  202  199  196
  193  192  192  194  197  200  204  206  205
    60.0-180.0 180.0   5.0 450.0                            LAT/LON1/LON2/DLON/H
  212  208  203  199  198  201  206  215  224  232  238  239  237  231  221  208
  194  180  168  159  152  149  148  149  151  152  153  155  156  157  158  159
  159  157  155  153  150  147  143  139  137  136  136  138  142  146  151  156
  160  165  171  178  186  195  204  213  219  222  223  221  218  214  210  206
  203  201  200  202  204  208  211  212  212
    57.5-180.0 180.0   5.0 450.0                            LAT/LON1/LON2/DLON/H
  220  216  210  205  201  202  207  214  222  230  235  240  240  238  232  221
  210  197  184  173  166  161  159  158  160  161  163  166  168  170  171  170
  169  166  162  157  152  147  142  137  133  131  131  135  139  144  150  155
  160  166  172  181  191  201  213  222  230  234  234  231  228  224  220  215
  212  210  209  210  213  216  219  221  220
    55.0-180.0 180.0   5.0 450.0                            LAT/LON1/LON2/DLON/H
  230  227  221  216  212  210  212  216  222  229  234  239  242  243  241  236
  227  217  205  195  186  180  176  175  175  177  179  181  183  184  183  182
  178  173  166  159  154  148  143  138  133  130  130  133  138  143  148  153
  158  165  173  183  195  208  221  231  239  243  243  241  236  231  226  222
  220  218  218  219  222  225  228  230  230
    52.5-180.0 180.0   5.0 450.0                            LAT/LON1/LON2/DLON/H
  241  240  237  232  227  224  223  225  227  231  234  238  243  247  249  248
  244  237  228  219  211  204  199  196  196  196  197  199  199  198  196  192
  185  177  169  162  157  153  148  143  137  133  132  134  139  143  147  151
  156  162  173  185  200  215  229  240  248  252  251  247  242  236  230  227
  225  225  226  228  230  234  237  239  241
    50.0-180.0 180.0   5.0 450.0                            LAT/LON1/LON2/DLON/H
  251  253  252  250  246  243  241  239  238  237  238  241  245  251  256  258
  258  255  250  243  236  230  225  222  219  218  218  217  215  212  207  199
  189  179  170  164  161  159  157  151  145  139  137  138  142  145  147  150
  153  160  172  188  206  223  238  250  258  261  259  254  247  239  233  230
  230  232  235  237  240  242  245  248  251
    47.5-180.0 180.0   5.0 450.0                            LAT/LON1/LON2/DLON/H
  260  264  266  267  267  264  262  259  255  251  248  248  251  256  261  265
  267  268  267  264  260  255  250  246  243  241  238  235  231  226  217  205
  192  180  172  168  168  168  168  163  155  149  146  146  148  150  149  149
  151  159  173  192  212  232  249  261  269  271  269  262  253  244  236  234
  235  239  245  249  252  253  254  257  260
    45.0-180.0 180.0   5.0 450.0                            LAT/LON1/LON2/DLON/H
  270  274  279  283  286  286  285  282  276  270  265  261  261  264  266  269
  273  276  279  280  280  276  272  268  265  261  257  253  246  238  227  212
  196  182  175  173  176  180  181  177  169  161  157  157  157  156  154  151
  152  160  176  197  220  243  261  274  282  284  280  273  262  251  242  240
  243  250  258  265  267  267  267  268  270
    42.5-180.0 180.0   5.0 450.0                            LAT/LON1/LON2/DLON/H
  284  288  293  299  304  307  308  306  301  294  286  280  278  276  275  275
  276  279  286  292  294  293  290  287  283  280  275  268  261  251  238  220
  202  188  182  182  187  193  195  191  183  175  171  171  171  168  162  157
  157  165  181  203  229  252  272  287  295  297  294  286  274  263  254  252
  256  265  276  284  287  286  284  283  284
    40.0-180.0 180.0   5.0 450.0                            LAT/LON1/LON2/DLON/H
  304  306  310  315  322  326  329  329  326  319  311  305  299  295  289  284
  282  284  292  301  306  306  304  302  300  297  291  284  276  266  251  233
  213  199  193  195  201  208  210  206  198  190  188  189  188  184  175  168
  166  173  188  210  236  261  281  297  307  310  308  300  289  278  269  267
  273  283  296  306  311  311  308  306  304
    37.5-180.0 180.0   5.0 450.0                            LAT/LON1/LON2/DLON/H
  332  331  331  335  340  345  350  352  350  345  338  332  326  319  310  300
  293  293  301  311  319  319  318  316  315  313  308  301  293  282  267  248
  229  215  210  212  218  223  224  220  214  208  208  210  210  203  193  184
  179  183  195  216  240  264  286  302  314  319  319  313  304  295  287  285
  291  302  317  330  338  340  339  335  332
    35.0-180.0 180.0   5.0 450.0                            LAT/LON1/LON2/DLON/H
  367  363  360  360  362  366  370  374  375  371  366  362  357  350  337  323
  312  309  315  326  333  335  333  332  332  331  328  321  312  300  285  266
  248  234  229  229  233  237  237  233  230  228  230  233  232  225  213  200
  193  193  202  218  239  262  283  301  314  321  324  323  317  310  305  304
  309  321  336  352  364  370  372  370  367
    32.5-180.0 180.0   5.0 450.0                            LAT/LON1/LON2/DLON/H
  404  400  395  391  389  391  394  400  401  399  395  394  391  384  370  353
  338  331  335  345  352  354  352  351  351  352  350  343  332  319  301  282
  264  251  244  242  244  245  245  244  244  247  252  256  254  244  230  216
  206  202  205  217  233  253  274  293  307  318  324  327  326  323  320  320
  325  336  351  370  386  398  404  407  404
    30.0-180.0 180.0   5.0 450.0                            LAT/LON1/LON2/DLON/H
  440  437  432  426  422  421  424  429  432  430  427  426  426  420  407  388
  370  360  361  368  374  377  374  373  374  376  374  366  352  335  314  292
  273  260  251  247  246  247  248  251  256  263  270  274  269  258  242  226
  213  205  204  210  222  240  261  280  296  308  318  325  330  331  331  332
  336  346  362  382  402  420  432  439  440
    27.5-180.0 180.0   5.0 450.0                            LAT/LON1/LON2/DLON/H
  469  469  467  462  458  457  460  466  470  467  463  461  462  458  446  426
  406  392  388  392  397  400  400  398  398  399  396  385  366  343  318  292
  271  256  246  240  239  240  245  252  261  271  280  282  275  261  244  228
  214  203  198  199  208  224  245  266  283  298  310  321  330  336  338  340
  344  352  367  388  411  433  452  464  469
    25.0-180.0 180.0   5.0 450.0                            LAT/LON1/LON2/DLON/H
  489  494  495  495  494  494  499  508  513  510  502  499  500  498  486  466
  443  425  416  416  419  423  424  422  420  419  413  396  371  341  309  280
  256  239  228  222  221  226  235  246  258  270  278  277  268  253  236  221
  206  195  187  186  193  209  231  253  272  287  302  316  328  337  342  345
  350  357  371  391  416  440  462  478  489
    22.5-180.0 180.0   5.0 450.0                            LAT/LON1/LON2/DLON/H
  497  506  515  521  526  531  539  551  558  555  545  540  540  538  527  505
  480  457  443  438  440  442  443  441  437  431  418  394  362  326  289  256
  230  212  201  196  199  208  221  234  247  257  261  257  246  233  219  206
  194  182  174  172  179  197  220  245  265  282  297  313  328  339  346  351
  355  363  376  395  418  444  466  484  497
    20.0-180.0 180.0   5.0 450.0                            LAT/LON1/LON2/DLON/H
  499  511  525  539  551  561  574  589  600  598  588  582  580  578  566  543
  514  486  467  458  456  458  458  453  444  431  410  379  341  299  260  225
  198  182  173  171  177  190  205  218  227  233  234  228  217  205  195  186
  177  168  160  159  169  189  215  241  264  282  298  315  331  344  352  358
  365  373  386  403  424  446  468  484  499
    17.5-180.0 180.0   5.0 450.0                            LAT/LON1/LON2/DLON/H
  496  510  527  546  565  581  598  616  631  632  625  620  619  615  601  578
  546  514  490  475  469  468  465  456  441  418  389  351  308  266  226  193
  169  157  151  152  161  177  192  201  204  204  201  193  184  176  170  165
  159  152  148  149  161  183  212  242  267  287  304  321  338  352  361  369
  377  388  402  418  436  453  469  484  496
    15.0-180.0 180.0   5.0 450.0                            LAT/LON1/LON2/DLON/H
  495  507  525  547  570  590  609  629  647  653  652  650  650  645  630  606
  574  539  511  492  480  473  465  450  426  394  356  314  271  230  194  167
  151  144  143  145  156  172  185  187  182  176  169  160  153  149  148  147
  143  138  135  139  154  178  209  242  270  293  312  331  348  363  373  382
  393  407  423  438  452  464  476  485  495
    12.5-180.0 180.0   5.0 450.0                            LAT/LON1/LON2/DLON/H
  498  507  522  543  567  587  607  627  647  658  664  667  668  663  649  625
  594  560  530  506  487  473  457  433  400  359  316  273  234  200  173  154
  147  147  150  153  162  176  185  180  166  154  144  135  130  129  131  132
  131  126  125  130  146  172  205  239  271  297  319  340  359  375  386  397
  411  428  446  461  472  480  486  493  498
    10.0-180.0 180.0   5.0 450.0                            LAT/LON1/LON2/DLON/H
  507  512  522  539  559  577  593  611  631  647  659  668  672  666  654  634
  607  575  545  517  490  467  441  407  365  318  272  234  204  180  163  155
  157  165  170  171  178  189  193  180  159  141  128  120  116  117  120  122
  120  116  115  121  137  163  194  231  266  296  323  347  370  386  399  411
  427  447  467  482  491  497  501  504  507
     7.5-180.0 180.0   5.0 450.0                            LAT/LON1/LON2/DLON/H
  522  524  528  539  552  564  575  588  605  621  637  651  658  655  644  629
  608  582  552  520  487  454  418  375  325  275  234  204  185  173  167  169
  180  192  198  198  200  208  206  186  159  137  123  115  111  112  115  116
  114  108  106  112  126  149  180  217  255  289  320  350  375  395  410  423
  440  462  482  498  507  513  517  520  522
     5.0-180.0 180.0   5.0 450.0                            LAT/LON1/LON2/DLON/H
  541  540  541  544  550  555  558  564  575  588  604  620  629  629  622  612
  598  576  549  515  476  436  391  340  286  237  204  187  180  180  183  193
  208  224  228  224  223  225  218  194  163  139  124  115  111  111  113  113
  108  100   97  102  114  134  162  198  238  276  313  346  375  398  415  430
  447  467  489  506  518  525  532  538  541
     2.5-180.0 180.0   5.0 450.0                            LAT/LON1/LON2/DLON/H
  560  561  558  558  557  556  552  549  551  556  565  579  589  593  590  586
  576  559  534  499  457  411  361  307  253  212  190  185  191  199  209  223
  239  251  251  244  239  237  225  197  165  141  126  117  113  111  112  109
  102   94   89   92  102  117  142  177  218  259  299  336  369  396  414  429
  446  466  487  505  520  531  543  554  560
