data/corinthe/IONEX/igsg1680.15i
     1.0            IONOSPHERE MAPS     MIX                 IONEX VERSION / TYPE
cmpcmb v1.2          GRL/UWM             7-jul-15 17:18     PGM / RUN BY / DATE 
ionex file containing IGS COMBINED Ionosphere maps          COMMENT             
global ionosphere maps for day 168, 2015                    DESCRIPTION         
IONEX file containing the COMBINED IGS TEC MAPS and DCBs    DESCRIPTION         
      IONEX files of the following IAACs were combined: cod DESCRIPTION         
                                                        jpl DESCRIPTION         
Contact address: Andrzej Krankowski                         DESCRIPTION
                 Geodynamics Research Laboratory            DESCRIPTION
                 University of Warmia and Mazury (GRL/UWM)  DESCRIPTION
                 Oczapowski St. 1                           DESCRIPTION
                 10-957-Olsztyn, POLAND                     DESCRIPTION
                 e-mail:  kand@uwm.edu.pl                   DESCRIPTION
                                                            DESCRIPTION         
  2015     6    17     0     0     0                        EPOCH OF FIRST MAP  
  2015     6    18     0     0     0                        EPOCH OF LAST MAP   
  7200                                                      INTERVAL            
    13                                                      # OF MAPS IN FILE   
  COSZ                                                      MAPPING FUNCTION    
     0.0                                                    ELEVATION CUTOFF    
combined TEC calculated as weighted mean of input TEC valuesOBSERVABLES USED    
   321                                                      # OF STATIONS       
    32                                                      # OF SATELLITES     
  6371.0                                                    BASE RADIUS         
     2                                                      MAP DIMENSION       
   450.0 450.0   0.0                                        HGT1 / HGT2 / DHGT  
    87.5 -87.5  -2.5                                        LAT1 / LAT2 / DLAT  
  -180.0 180.0   5.0                                        LON1 / LON2 / DLON  
    -1                                                      EXPONENT            
TEC values in 0.1 tec units;  9999, if no value available   COMMENT             
DCB values in nanoseconds, reference is Sum_of_SatDCBs = 0  COMMENT             
                                                            END OF HEADER       
[from data line 858]
     3                                                      START OF TEC MAP    
  2015     6    17     4     0     0                        EPOCH OF CURRENT MAP
    87.5-180.0 180.0   5.0 450.0                            LAT/LON1/LON2/DLON/H
  203  203  203  202  202  203  202  202  202  202  201  201  201  201  201  200
  200  199  199  198  198  197  197  196  196  195  194  193  192  191  191  190
  190  189  189  188  188  188  187  187  187  187  187  188  188  188  189  189
  190  191  192  192  193  194  195  195  196  197  198  198  199  200  200  201
  201  201  202  202  202  202  202  203  203
    85.0-180.0 180.0   5.0 450.0                            LAT/LON1/LON2/DLON/H
  204  203  203  203  202  202  202  202  201  201  201  200  201  200  201  200
  200  199  199  198  198  196  195  194  192  191  189  188  187  185  183  181
  180  179  178  176  175  174  174  173  173  173  173  174  175  176  177  178
  180  181  183  186  187  189  191  193  195  197  199  200  201  202  203  204
  204  204  205  205  205  205  205  204  204
    82.5-180.0 180.0   5.0 450.0                            LAT/LON1/LON2/DLON/H
  202  201  200  199  198  197  196  196  195  196  196  196  196  197  197  197
  198  198  197  197  196  194  193  190  188  186  183  181  179  175  173  171
  169  167  165  163  161  160  159  158  158  158  159  160  161  163  165  168
  170  174  177  180  183  187  190  193  196  199  201  203  205  206  207  207
  207  207  207  206  206  205  204  203  202
    80.0-180.0 180.0   5.0 450.0                            LAT/LON1/LON2/DLON/H
  198  196  194  192  191  189  188  187  186  186  186  188  188  190  191  192
  193  194  194  193  192  190  188  185  182  178  175  172  168  165  162  160
  157  155  153  151  148  147  146  144  144  144  145  146  149  152  155  159
  164  168  173  178  183  187  192  195  199  202  205  207  209  210  210  210
  210  210  208  207  206  204  202  200  198
    77.5-180.0 180.0   5.0 450.0                            LAT/LON1/LON2/DLON/H
  195  192  189  186  183  180  178  176  175  175  176  177  179  182  184  187
  189  190  191  190  188  186  182  178  173  169  164  160  157  154  151  149
  147  144  143  141  139  137  135  134  133  134  135  138  142  145  151  156
  163  168  174  180  185  191  196  200  204  207  210  212  213  213  214  213
  212  211  208  206  204  202  200  197  195
    75.0-180.0 180.0   5.0 450.0                            LAT/LON1/LON2/DLON/H
  192  188  185  182  177  173  170  167  166  166  166  168  171  174  178  181
  184  186  187  186  184  181  176  170  164  158  153  149  145  143  141  140
  139  138  137  135  133  131  129  128  128  129  131  135  140  146  153  161
  167  175  181  188  193  197  202  206  209  212  214  216  216  216  215  214
  212  209  207  204  202  199  197  194  192
    72.5-180.0 180.0   5.0 450.0                            LAT/LON1/LON2/DLON/H
  191  188  184  180  175  171  166  162  160  159  159  160  163  167  171  175
  179  181  183  181  179  174  168  161  153  146  140  136  133  132  132  133
  134  134  134  133  131  129  127  126  127  129  133  138  146  154  163  171
  179  186  193  198  203  206  209  212  214  215  217  218  218  217  216  213
  211  207  204  201  199  196  195  193  191
    70.0-180.0 180.0   5.0 450.0                            LAT/LON1/LON2/DLON/H
  191  190  187  183  177  172  166  162  158  156  154  155  158  161  165  169
  173  175  176  175  172  166  159  150  142  133  128  123  122  123  125  128
  131  133  134  134  132  130  129  129  130  134  139  148  157  167  177  188
  196  203  209  212  214  215  216  216  217  217  217  218  217  216  214  211
  208  205  201  198  196  194  193  193  191
    67.5-180.0 180.0   5.0 450.0                            LAT/LON1/LON2/DLON/H
  194  193  191  188  183  177  171  165  160  156  154  154  155  156  160  163
  165  168  168  167  163  157  149  139  130  122  116  112  113  116  120  124
  129  132  134  135  134  133  133  133  136  142  149  160  172  184  196  207
  216  222  226  227  226  225  222  220  218  217  216  216  215  214  212  209
  206  202  198  195  193  192  192  193  194
    65.0-180.0 180.0   5.0 450.0                            LAT/LON1/LON2/DLON/H
  195  197  196  195  191  185  179  172  166  161  157  156  155  155  156  157
  157  158  157  155  151  145  137  128  118  110  105  104  106  110  115  121
  127  131  133  135  136  136  137  139  144  151  161  174  187  202  215  226
  235  241  243  242  239  235  230  225  221  218  216  214  213  211  209  207
  204  200  196  193  191  190  192  194  195
    62.5-180.0 180.0   5.0 450.0                            LAT/LON1/LON2/DLON/H
  197  200  201  200  197  193  187  180  174  169  164  161  158  157  155  153
  150  148  146  143  138  133  125  117  108  102   98   97  100  106  111  117
  123  127  131  134  136  138  141  146  152  161  173  186  202  217  231  243
  253  258  260  258  253  247  240  233  226  221  217  214  211  210  208  206
  204  200  196  192  190  190  191  194  197
    60.0-180.0 180.0   5.0 450.0                            LAT/LON1/LON2/DLON/H
  198  201  204  205  203  200  195  189  183  177  173  169  165  161  157  152
  146  140  135  131  127  122  116  110  103   97   94   95   98  103  108  114
  117  121  125  129  134  140  146  152  160  171  183  197  213  229  244  257
  267  273  275  274  269  262  254  245  237  228  222  216  212  209  207  206
  204  201  197  193  191  189  190  194  198
    57.5-180.0 180.0   5.0 450.0                            LAT/LON1/LON2/DLON/H
  198  202  205  207  208  206  203  198  192  187  182  179  175  170  163  155
  145  136  128  123  120  117  113  108  102   98   96   96   99  103  107  110
  112  115  119  125  132  140  149  159  169  179  192  205  220  236  252  266
  279  287  291  291  288  281  273  263  252  242  232  222  216  210  208  207
  206  204  200  195  192  190  191  194  198
    55.0-180.0 180.0   5.0 450.0                            LAT/LON1/LON2/DLON/H
  199  203  207  209  211  211  209  205  200  195  192  189  185  180  172  161
  149  137  128  122  119  118  116  113  109  105  102  101  102  105  107  108
  108  109  113  120  131  142  154  166  177  188  199  212  226  241  257  274
  289  300  306  309  308  304  296  285  273  260  246  232  221  213  209  208
  208  206  203  199  196  194  194  196  199
    52.5-180.0 180.0   5.0 450.0                            LAT/LON1/LON2/DLON/H
  204  207  210  213  215  217  216  212  207  203  199  197  194  190  181  170
  156  143  134  128  126  127  127  126  122  117  112  110  109  110  110  108
  106  106  110  118  130  145  160  174  186  197  206  217  230  245  263  281
  298  312  322  328  329  327  320  310  296  280  262  245  229  218  212  210
  210  209  208  205  201  199  199  201  204
    50.0-180.0 180.0   5.0 450.0                            LAT/LON1/LON2/DLON/H
  212  214  216  218  220  222  222  219  214  209  206  203  201  197  189  179
  166  154  145  140  139  141  142  142  138  132  126  121  118  116  114  112
  109  108  111  119  132  148  166  182  195  205  214  223  236  251  270  291
  310  327  338  346  350  349  344  333  318  300  279  257  238  224  215  212
  213  214  213  211  209  207  208  210  212
    47.5-180.0 180.0   5.0 450.0                            LAT/LON1/LON2/DLON/H
  224  225  225  225  227  229  229  227  221  216  211  208  206  201  194  185
  174  165  158  154  155  156  159  158  154  147  138  132  128  124  121  118
  116  115  117  124  136  152  172  190  204  215  223  231  243  259  280  302
  323  340  353  361  366  366  361  351  335  315  293  269  246  230  219  216
  217  219  221  220  219  219  220  223  224
    45.0-180.0 180.0   5.0 450.0                            LAT/LON1/LON2/DLON/H
  239  238  235  233  232  234  235  234  230  224  218  214  209  202  196  188
  180  174  170  168  169  172  173  171  166  158  148  141  136  132  130  128
  127  126  127  132  142  158  178  198  214  224  232  241  253  269  291  314
  335  351  363  371  375  375  370  361  346  327  304  279  255  237  226  222
  224  227  231  232  232  232  235  238  239
    42.5-180.0 180.0   5.0 450.0                            LAT/LON1/LON2/DLON/H
  258  254  246  240  236  236  239  240  238  233  227  221  213  204  195  188
  183  180  179  179  180  181  181  179  173  165  156  148  143  141  139  139
  139  140  140  142  149  163  184  205  223  234  243  250  263  279  301  324
  344  359  368  374  376  375  372  363  350  333  312  288  265  246  234  230
  233  238  244  246  247  250  253  257  258
    40.0-180.0 180.0   5.0 450.0                            LAT/LON1/LON2/DLON/H
  279  272  259  246  239  237  240  245  247  244  239  230  218  205  194  186
  183  183  184  185  186  186  185  182  176  168  161  154  151  149  149  151
  154  155  154  154  157  169  189  212  231  243  251  259  271  287  308  330
  348  360  367  370  371  371  368  362  352  338  320  299  277  258  245  241
  245  253  259  263  266  270  275  279  279
    37.5-180.0 180.0   5.0 450.0                            LAT/LON1/LON2/DLON/H
  304  292  274  255  242  237  241  249  255  257  253  244  229  210  195  185
  182  182  184  186  188  188  187  184  179  172  165  161  159  158  159  163
  167  169  168  165  165  174  193  216  237  249  257  263  274  290  310  330
  346  355  359  361  363  364  364  362  356  346  332  314  294  274  259  254
  259  267  276  282  287  293  300  306  304
    35.0-180.0 180.0   5.0 450.0                            LAT/LON1/LON2/DLON/H
  333  319  296  271  253  244  247  256  265  270  268  259  241  219  199  187
  181  181  182  185  187  189  190  189  184  179  174  171  169  168  169  173
  178  182  180  175  172  177  194  218  238  251  257  262  272  286  304  323
  337  345  348  351  356  361  366  369  367  362  352  336  316  294  277  269
  272  281  292  301  310  320  330  336  333
    32.5-180.0 180.0   5.0 450.0                            LAT/LON1/LON2/DLON/H
  368  353  327  299  277  264  263  270  277  283  284  275  256  232  208  192
  183  180  179  183  187  194  199  201  199  193  188  185  182  179  178  181
  187  191  188  182  176  179  193  215  234  245  251  255  263  277  294  311
  324  332  336  343  353  364  375  384  388  387  379  365  344  319  297  285
  284  294  306  318  332  347  361  370  368
    30.0-180.0 180.0   5.0 450.0                            LAT/LON1/LON2/DLON/H
  408  395  371  343  319  303  297  296  298  299  300  292  272  246  221  202
  189  181  179  182  192  205  217  224  222  216  209  203  196  189  186  187
  191  194  191  184  176  176  188  207  224  234  238  242  250  264  281  297
  310  319  327  338  355  375  393  407  415  417  413  399  377  347  319  300
  295  302  315  333  353  375  395  407  408
    27.5-180.0 180.0   5.0 450.0                            LAT/LON1/LON2/DLON/H
  450  443  425  403  381  363  349  337  327  320  315  306  289  264  238  216
  199  187  182  186  200  222  243  254  252  243  232  221  210  198  190  188
  190  191  188  180  171  169  178  194  209  217  221  226  235  250  267  284
  297  308  320  339  364  391  414  432  444  448  445  432  408  375  341  315
  305  308  321  342  370  400  427  445  450
    25.0-180.0 180.0   5.0 450.0                            LAT/LON1/LON2/DLON/H
  490  492  486  475  460  442  420  394  368  347  333  322  306  283  258  234
  214  198  190  196  216  246  274  289  286  271  254  236  218  202  189  182
  182  182  179  170  161  159  164  176  188  197  202  210  221  237  256  274
  289  303  319  343  374  406  434  454  466  472  471  459  435  401  362  330
  313  311  325  349  383  422  456  478  490
    22.5-180.0 180.0   5.0 450.0                            LAT/LON1/LON2/DLON/H
  522  538  547  551  548  533  503  462  417  380  355  339  323  303  280  255
  233  215  205  212  236  273  307  323  315  293  268  243  219  198  181  171
  169  167  164  156  148  144  147  155  165  175  183  195  210  229  249  268
  286  302  322  349  384  418  446  465  476  483  484  476  455  421  381  346
  323  318  328  354  392  436  474  502  522
    20.0-180.0 180.0   5.0 450.0                            LAT/LON1/LON2/DLON/H
  540  568  596  619  632  623  590  536  474  419  379  357  342  324  303  279
  256  236  225  231  259  300  336  348  334  304  270  239  211  187  167  156
  151  150  146  139  132  127  127  133  142  154  167  184  204  226  248  269
  287  306  328  356  391  423  448  462  471  478  483  481  466  437  399  364
  338  328  334  358  397  442  482  513  540
    17.5-180.0 180.0   5.0 450.0                            LAT/LON1/LON2/DLON/H
  540  579  623  666  696  697  664  603  529  459  408  378  360  344  324  302
  279  259  247  253  281  323  356  362  340  302  260  223  193  168  149  137
  132  129  127  121  114  109  107  111  121  136  155  178  202  227  251  273
  293  313  335  362  394  422  440  450  456  464  473  479  471  449  417  385
  358  344  346  364  399  440  477  508  540
    15.0-180.0 180.0   5.0 450.0                            LAT/LON1/LON2/DLON/H
  521  566  622  681  726  739  713  651  572  494  434  398  378  362  343  321
  300  280  268  273  299  337  363  361  330  284  238  199  169  146  129  118
  113  112  110  105   99   93   90   93  103  122  147  175  204  230  255  278
  300  321  343  368  394  416  428  433  437  447  462  473  474  460  436  408
  385  369  364  375  400  432  462  488  521
    12.5-180.0 180.0   5.0 450.0                            LAT/LON1/LON2/DLON/H
  488  532  592  660  716  741  723  669  594  516  453  414  392  376  356  335
  315  298  286  288  310  340  357  345  306  255  207  169  141  123  109  101
   98   97   95   91   86   80   76   78   91  113  142  174  205  233  259  283
  306  327  349  372  394  411  418  420  424  437  455  472  479  472  455  435
  414  397  388  390  404  424  443  461  488
    10.0-180.0 180.0   5.0 450.0                            LAT/LON1/LON2/DLON/H
  453  487  541  607  666  699  693  653  589  519  460  422  401  384  363  342
  324  309  297  297  311  330  337  314  270  218  171  137  116  102   94   89
   87   85   83   80   75   70   67   70   84  108  138  171  202  231  258  284
  309  333  355  377  398  411  416  418  425  440  460  478  487  485  475  461
  445  430  416  410  412  420  427  435  453
     7.5-180.0 180.0   5.0 450.0                            LAT/LON1/LON2/DLON/H
  427  447  486  540  591  623  627  602  555  501  452  419  400  384  363  341
  325  313  302  298  303  310  304  275  229  178  136  109   95   88   83   81
   79   78   75   72   68   64   62   66   80  104  134  165  196  224  252  280
  307  333  360  384  404  418  425  429  439  457  477  493  499  498  493  485
  474  460  446  435  427  424  423  421  427
     5.0-180.0 180.0   5.0 450.0                            LAT/LON1/LON2/DLON/H
  421  426  447  480  515  538  543  529  499  463  429  404  390  376  354  333
  320  310  301  292  289  284  268  233  187  143  110   91   84   81   80   79
   77   74   70   67   64   61   60   64   77   99  126  155  184  212  240  270
  300  332  363  391  415  432  443  452  466  485  502  511  511  509  505  501
  494  484  471  459  447  439  432  425  421
     2.5-180.0 180.0   5.0 450.0                            LAT/LON1/LON2/DLON/H
  441  435  436  446  460  469  468  457  439  416  395  380  371  359  339  320
  309  303  294  282  271  256  232  195  154  118   95   84   83   83   83   81
   77   72   68   64   62   60   59   63   74   92  114  140  167  195  224  257
  291  327  363  397  426  449  466  480  496  514  526  527  519  511  506  504
  501  496  488  477  466  460  455  449  441
