data/corinthe/IONEX/igsg1670.15i
     1.0            IONOSPHERE MAPS     MIX                 IONEX VERSION / TYPE
cmpcmb v1.2          GRL/UWM             7-jul-15 17:13     PGM / RUN BY / DATE 
ionex file containing IGS COMBINED Ionosphere maps          COMMENT             
global ionosphere maps for day 167, 2015                    DESCRIPTION         
IONEX file containing the COMBINED IGS TEC MAPS and DCBs    DESCRIPTION         
      IONEX files of the following IAACs were combined: cod DESCRIPTION         
                                                        jpl DESCRIPTION         
Contact address: Andrzej Krankowski                         DESCRIPTION
                 Geodynamics Research Laboratory            DESCRIPTION
                 University of Warmia and Mazury (GRL/UWM)  DESCRIPTION
                 Oczapowski St. 1                           DESCRIPTION
                 10-957-Olsztyn, POLAND                     DESCRIPTION
                 e-mail:  kand@uwm.edu.pl                   DESCRIPTION
                                                            DESCRIPTION         
  2015     6    16     0     0     0                        EPOCH OF FIRST MAP  
  2015     6    17     0     0     0                        EPOCH OF LAST MAP   
  7200                                                      INTERVAL            
    13                                                      # OF MAPS IN FILE   
  COSZ                                                      MAPPING FUNCTION    
     0.0                                                    ELEVATION CUTOFF    
combined TEC calculated as weighted mean of input TEC valuesOBSERVABLES USED    
   320                                                      # OF STATIONS       
    32                                                      # OF SATELLITES     
  6371.0                                                    BASE RADIUS         
     2                                                      MAP DIMENSION       
   450.0 450.0   0.0                                        HGT1 / HGT2 / DHGT  
    87.5 -87.5  -2.5                                        LAT1 / LAT2 / DLAT  
  -180.0 180.0   5.0                                        LON1 / LON2 / DLON  
    -1                                                      EXPONENT            
TEC values in 0.1 tec units;  9999, if no value available   COMMENT             
DCB values in nanoseconds, reference is Sum_of_SatDCBs = 0  COMMENT             
                                                            END OF HEADER       
[from data line 1716]
     5                                                      START OF TEC MAP    
  2015     6    16     8     0     0                        EPOCH OF CURRENT MAP
    87.5-180.0 180.0   5.0 450.0                            LAT/LON1/LON2/DLON/H
  162  163  163  164  165  165  167  168  169  170  171  172  172  174  175  175
  176  176  177  177  178  178  179  179  179  179  179  178  178  178  178  178
  177  177  176  175  175  175  174  174  173  173  173  172  172  171  170  170
  170  169  169  168  168  167  166  165  165  164  163  163  162  162  162  161
  161  161  160  160  161  161  161  162  162
    85.0-180.0 180.0   5.0 450.0                            LAT/LON1/LON2/DLON/H
  153  154  155  157  159  161  163  165  167  169  171  173  176  177  179  180
  181  183  184  184  184  185  185  184  184  184  183  182  182  181  180  179
  178  177  177  176  176  175  175  174  174  174  174  173  173  173  172  172
  172  171  171  170  169  167  167  165  164  163  161  159  158  157  155  154
  152  152  151  150  150  151  151  151  153
    82.5-180.0 180.0   5.0 450.0                            LAT/LON1/LON2/DLON/H
  144  146  148  150  153  156  159  163  166  169  172  175  178  180  182  183
  185  186  187  187  188  187  187  186  184  183  182  181  179  177  176  175
  174  173  172  172  171  171  172  172  173  173  173  174  175  176  176  177
  177  177  177  176  175  174  173  171  169  167  165  162  159  157  154  151
  149  146  145  143  142  142  142  142  144
    80.0-180.0 180.0   5.0 450.0                            LAT/LON1/LON2/DLON/H
  138  140  143  146  149  153  157  162  165  169  172  175  178  180  182  184
  185  186  186  186  185  184  183  182  179  177  175  173  171  168  166  166
  164  163  163  163  164  165  167  168  170  172  174  176  178  180  182  183
  185  185  186  186  186  185  184  182  180  177  174  170  167  163  159  155
  151  147  144  141  139  138  137  137  138
    77.5-180.0 180.0   5.0 450.0                            LAT/LON1/LON2/DLON/H
  136  138  140  144  148  152  156  161  165  169  172  174  176  178  180  181
  181  181  181  180  179  177  175  172  168  165  162  159  157  154  152  152
  151  151  152  154  155  158  161  164  167  171  175  178  182  186  188  192
  193  196  197  198  198  198  197  196  194  192  189  185  180  176  170  165
  160  154  149  144  141  138  136  136  136
    75.0-180.0 180.0   5.0 450.0                            LAT/LON1/LON2/DLON/H
  138  139  141  144  148  152  157  161  165  168  170  172  173  173  173  174
  173  173  172  170  169  166  162  158  154  150  146  143  140  139  138  138
  138  140  142  145  148  152  156  161  166  172  177  182  187  192  196  200
  203  205  207  208  209  209  209  209  207  205  203  200  197  192  187  180
  174  167  161  154  149  144  141  138  138
    72.5-180.0 180.0   5.0 450.0                            LAT/LON1/LON2/DLON/H
  144  142  143  145  148  151  156  159  163  165  167  167  166  165  164  163
  163  162  162  160  157  154  149  144  139  134  131  128  126  125  126  128
  130  132  136  140  145  150  156  162  168  174  181  187  193  198  203  206
  210  212  214  216  216  217  216  216  216  215  214  213  211  207  203  197
  190  183  175  168  161  155  150  146  144
    70.0-180.0 180.0   5.0 450.0                            LAT/LON1/LON2/DLON/H
  151  148  147  146  148  150  153  156  158  160  159  159  156  154  152  151
  151  150  150  149  146  143  138  132  127  121  117  115  115  116  118  122
  126  131  135  140  146  151  158  166  173  180  187  194  199  205  209  213
  215  217  218  218  218  217  217  217  217  218  219  219  219  218  216  211
  205  198  190  183  175  167  161  156  151
    67.5-180.0 180.0   5.0 450.0                            LAT/LON1/LON2/DLON/H
  160  154  150  147  145  146  147  149  150  150  150  147  144  141  139  138
  139  139  140  139  137  133  128  122  116  111  108  108  109  112  117  122
  128  133  139  145  151  158  165  173  181  188  195  201  207  211  214  217
  218  218  217  216  214  212  211  211  211  212  215  218  221  222  221  219
  215  210  203  196  189  181  174  167  160
    65.0-180.0 180.0   5.0 450.0                            LAT/LON1/LON2/DLON/H
  171  162  155  147  143  139  138  138  138  138  137  135  131  128  126  126
  127  128  130  130  129  126  121  115  110  106  105  105  109  114  121  128
  134  141  148  154  160  167  174  182  191  199  205  211  215  218  220  220
  219  217  214  211  207  204  201  199  199  200  204  209  214  218  220  220
  219  216  211  207  201  195  188  180  171
    62.5-180.0 180.0   5.0 450.0                            LAT/LON1/LON2/DLON/H
  184  172  161  150  140  133  129  127  126  125  123  122  119  116  114  114
  115  118  119  121  120  118  114  110  107  104  105  108  113  120  128  136
  143  150  157  164  170  178  185  193  202  210  217  222  225  226  226  224
  220  215  211  206  200  195  190  187  185  187  191  196  202  208  212  215
  215  215  214  213  211  207  202  194  184
    60.0-180.0 180.0   5.0 450.0                            LAT/LON1/LON2/DLON/H
  201  187  172  157  143  131  123  118  115  114  113  111  109  107  105  105
  105  107  109  110  111  110  108  107  105  106  109  114  121  128  137  145
  153  160  166  173  180  188  196  205  214  222  230  234  237  237  234  228
  223  216  210  204  198  192  185  180  176  175  178  184  190  197  202  206
  208  211  213  216  219  219  217  210  201
    57.5-180.0 180.0   5.0 450.0                            LAT/LON1/LON2/DLON/H
  220  206  189  171  153  137  124  116  110  107  105  104  102  100   98   97
   97   97   98   99  101  102  103  103  106  110  116  123  130  138  146  154
  160  167  175  182  190  198  207  216  226  235  243  249  251  249  244  236
  228  220  213  207  201  194  187  179  174  171  172  176  182  188  193  197
  201  205  211  218  225  231  232  229  220
    55.0-180.0 180.0   5.0 450.0                            LAT/LON1/LON2/DLON/H
  242  229  212  192  172  153  136  123  113  107  103  101   99   97   95   93
   90   89   89   90   91   94   96  101  107  115  124  132  140  147  154  161
  167  175  182  190  199  207  217  228  238  249  259  265  266  263  257  247
  236  227  220  215  211  205  197  188  181  175  174  176  180  185  189  193
  197  202  211  221  233  243  248  248  242
    52.5-180.0 180.0   5.0 450.0                            LAT/LON1/LON2/DLON/H
  263  253  237  218  197  177  157  139  124  113  106  102  100   98   95   92
   88   85   82   82   83   87   92  100  110  121  133  142  149  155  161  167
  173  181  189  198  208  218  228  240  251  263  274  281  283  280  271  259
  247  237  231  228  225  220  213  203  194  186  182  182  184  189  192  194
  198  204  213  226  240  253  263  266  263
    50.0-180.0 180.0   5.0 450.0                            LAT/LON1/LON2/DLON/H
  279  273  260  244  225  205  185  163  143  127  115  108  104  101   98   95
   90   85   82   80   80   83   90  101  115  129  142  152  157  162  166  172
  179  188  198  208  219  229  241  252  265  278  290  298  301  296  287  273
  259  249  243  242  240  236  229  219  209  200  195  193  195  197  201  202
  206  211  220  232  247  261  273  280  279
    47.5-180.0 180.0   5.0 450.0                            LAT/LON1/LON2/DLON/H
  288  284  275  263  249  232  212  189  165  142  126  116  109  106  104  101
   97   93   88   84   82   85   92  105  121  138  151  160  164  167  170  176
  185  196  207  219  231  243  254  266  279  293  305  315  317  313  301  286
  271  260  254  253  253  249  241  232  221  213  207  206  207  210  213  215
  219  223  231  242  255  269  280  287  288
    45.0-180.0 180.0   5.0 450.0                            LAT/LON1/LON2/DLON/H
  288  284  278  271  262  250  233  211  184  159  139  125  118  114  113  112
  111  107  102   96   91   91   98  111  129  146  159  166  169  170  174  182
  192  206  220  233  245  257  270  281  294  308  320  329  332  327  316  299
  283  271  265  262  261  256  248  238  229  222  219  218  220  224  227  231
  234  239  246  254  263  274  283  288  288
    42.5-180.0 180.0   5.0 450.0                            LAT/LON1/LON2/DLON/H
  281  275  269  264  261  254  241  222  197  172  151  135  127  124  124  126
  127  127  123  115  107  103  108  120  137  154  165  171  173  174  179  188
  203  218  234  248  261  274  286  297  308  321  332  340  343  338  326  311
  294  281  273  269  265  258  248  239  232  228  227  229  233  237  241  246
  251  256  261  267  273  279  284  285  281
    40.0-180.0 180.0   5.0 450.0                            LAT/LON1/LON2/DLON/H
  271  260  251  247  246  244  238  223  203  180  161  146  138  135  136  141
  147  150  147  137  126  119  121  131  146  162  172  177  177  179  185  198
  215  233  249  263  277  290  302  313  322  331  339  347  349  345  335  321
  306  292  283  277  269  259  248  239  234  234  237  241  246  250  255  261
  267  274  279  282  285  287  285  280  271
    37.5-180.0 180.0   5.0 450.0                            LAT/LON1/LON2/DLON/H
  262  245  231  224  223  225  223  215  201  184  169  157  150  147  149  156
  165  171  170  160  147  136  135  143  157  171  180  183  184  186  194  209
  229  248  264  278  291  304  316  325  331  336  342  347  351  349  342  332
  319  309  299  290  280  267  255  246  243  246  252  258  262  264  268  274
  281  289  295  299  299  297  291  279  262
    35.0-180.0 180.0   5.0 450.0                            LAT/LON1/LON2/DLON/H
  261  235  215  204  201  203  204  202  195  185  176  169  164  162  163  170
  180  188  190  180  166  155  151  158  170  183  190  192  192  195  205  222
  243  262  278  290  303  315  327  333  335  337  339  344  348  350  349  344
  338  330  322  314  302  288  273  265  265  270  277  282  283  282  282  285
  293  302  311  316  316  313  303  285  261
    32.5-180.0 180.0   5.0 450.0                            LAT/LON1/LON2/DLON/H
  270  238  211  194  187  187  189  190  189  187  185  183  180  178  177  181
  190  199  202  195  183  172  168  175  187  198  204  205  204  208  219  236
  256  275  289  300  312  323  333  337  336  333  333  338  346  354  358  361
  361  360  356  349  338  323  310  301  302  306  312  315  311  304  298  297
  302  313  325  332  335  331  320  300  270
    30.0-180.0 180.0   5.0 450.0                            LAT/LON1/LON2/DLON/H
  290  255  224  201  189  185  184  186  188  192  196  199  199  195  191  191
  196  205  209  206  196  188  187  195  206  215  220  219  217  220  230  247
  267  284  298  308  318  328  335  336  332  327  327  334  346  361  373  384
  391  397  399  396  387  374  360  352  352  356  358  355  345  331  317  309
  312  323  337  347  353  352  342  321  290
    27.5-180.0 180.0   5.0 450.0                            LAT/LON1/LON2/DLON/H
  319  286  255  228  209  199  194  192  195  203  211  217  218  214  206  201
  201  207  212  212  206  202  205  214  224  232  234  230  227  228  238  254
  273  290  303  312  321  330  335  335  329  323  325  335  353  375  395  411
  426  438  446  447  441  430  417  409  407  409  407  399  382  361  339  323
  321  332  348  361  369  371  365  348  319
    25.0-180.0 180.0   5.0 450.0                            LAT/LON1/LON2/DLON/H
  354  328  299  271  248  230  217  211  211  218  229  237  239  233  222  211
  207  209  214  215  214  215  220  231  240  245  243  236  230  231  240  256
  274  291  304  315  325  332  336  334  328  325  330  346  371  398  422  442
  460  477  489  495  493  483  471  463  461  461  455  442  421  393  364  341
  333  342  359  373  382  386  384  373  354
    22.5-180.0 180.0   5.0 450.0                            LAT/LON1/LON2/DLON/H
  385  372  352  325  298  273  252  238  234  239  248  257  258  252  238  224
  215  213  215  219  220  223  231  241  249  249  243  233  224  224  234  250
  269  288  303  316  328  336  340  338  334  335  345  367  396  426  451  471
  490  508  522  531  531  524  513  506  504  503  495  479  455  425  391  363
  350  356  371  384  391  395  396  393  385
    20.0-180.0 180.0   5.0 450.0                            LAT/LON1/LON2/DLON/H
  406  409  400  378  350  320  291  269  258  259  267  274  275  269  255  238
  225  218  218  221  223  228  236  243  247  243  232  219  210  210  221  239
  261  282  301  317  333  343  348  348  347  352  368  394  425  454  477  494
  510  526  540  549  552  546  537  532  532  532  524  508  485  454  420  389
  372  374  385  393  396  396  398  401  406
    17.5-180.0 180.0   5.0 450.0                            LAT/LON1/LON2/DLON/H
  413  429  433  420  394  360  326  297  280  278  282  288  288  282  268  251
  236  226  223  222  223  226  232  237  236  226  212  197  187  190  203  225
  251  276  299  320  338  352  360  363  366  375  395  423  452  478  496  507
  517  529  541  551  555  551  545  543  547  549  542  528  507  479  447  416
  397  395  401  402  398  393  391  397  413
    15.0-180.0 180.0   5.0 450.0                            LAT/LON1/LON2/DLON/H
  402  428  444  440  418  386  349  316  296  291  292  295  295  290  277  261
  245  233  225  222  220  221  222  223  217  203  186  171  162  167  185  211
  241  271  298  324  346  363  374  380  386  399  420  447  473  493  505  511
  516  524  534  543  548  545  543  545  553  557  552  540  522  500  472  443
  423  417  416  410  398  385  378  382  402
    12.5-180.0 180.0   5.0 450.0                            LAT/LON1/LON2/DLON/H
  377  407  432  438  422  392  357  324  303  297  296  297  296  292  281  265
  249  236  227  219  214  210  208  203  194  179  161  145  139  146  168  198
  233  267  298  328  353  373  388  396  404  418  440  463  483  496  504  507
  511  517  526  535  539  538  538  546  557  563  557  546  531  513  491  466
  446  436  430  419  400  380  363  360  377
    10.0-180.0 180.0   5.0 450.0                            LAT/LON1/LON2/DLON/H
  351  376  404  416  405  381  349  321  303  297  296  293  291  287  277  263
  249  235  224  214  205  196  190  182  172  156  138  124  120  130  155  189
  227  264  299  331  358  380  396  406  416  430  449  468  482  492  498  503
  509  517  527  535  537  537  540  551  564  569  561  548  534  520  502  481
  463  450  442  428  405  379  355  343  351
     7.5-180.0 180.0   5.0 450.0                            LAT/LON1/LON2/DLON/H
  334  351  376  389  380  357  332  311  299  296  292  287  282  277  268  256
  242  229  218  206  193  182  171  162  152  139  123  110  107  118  145  181
  222  262  299  332  360  381  398  408  418  431  447  461  472  481  490  500
  514  529  542  549  548  547  552  565  577  577  564  545  531  519  504  486
  469  457  448  435  415  387  359  338  334
     5.0-180.0 180.0   5.0 450.0                            LAT/LON1/LON2/DLON/H
  336  342  361  370  359  336  315  301  296  295  290  280  271  264  256  244
  230  218  207  195  181  167  155  145  137  126  113  101   98  110  137  175
  217  258  296  330  356  377  391  401  411  422  434  446  456  468  484  505
  529  552  569  575  568  563  569  583  592  586  566  542  523  511  496  480
  464  454  449  441  427  405  377  350  336
     2.5-180.0 180.0   5.0 450.0                            LAT/LON1/LON2/DLON/H
  359  357  368  371  354  329  309  300  299  299  291  275  261  250  240  228
  215  203  192  181  167  153  141  132  126  119  108   97   93  104  130  168
  211  253  291  323  348  366  378  387  396  404  414  424  437  456  482  513
  547  577  598  601  589  580  586  599  604  592  564  532  510  495  481  464
  450  441  441  441  438  426  406  379  359
