data/corinthe/IONEX/igsg1700.15i
     1.0            IONOSPHERE MAPS     MIX                 IONEX VERSION / TYPE
cmpcmb v1.2          GRL/UWM             7-jul-15 17:26     PGM / RUN BY / DATE 
ionex file containing IGS COMBINED Ionosphere maps          COMMENT             
global ionosphere maps for day 170, 2015                    DESCRIPTION         
IONEX file containing the COMBINED IGS TEC MAPS and DCBs    DESCRIPTION         
      IONEX files of the following IAACs were combined: cod DESCRIPTION         
                                                        jpl DESCRIPTION         
Contact address: Andrzej Krankowski                         DESCRIPTION
                 Geodynamics Research Laboratory            DESCRIPTION
                 University of Warmia and Mazury (GRL/UWM)  DESCRIPTION
                 Oczapowski St. 1                           DESCRIPTION
                 10-957-Olsztyn, POLAND                     DESCRIPTION
                 e-mail:  kand@uwm.edu.pl                   DESCRIPTION
                                                            DESCRIPTION         
  2015     6    19     0     0     0                        EPOCH OF FIRST MAP  
  2015     6    20     0     0     0                        EPOCH OF LAST MAP   
  7200                                                      INTERVAL            
    13                                                      # OF MAPS IN FILE   
  COSZ                                                      MAPPING FUNCTION    
     0.0                                                    ELEVATION CUTOFF    
combined TEC calculated as weighted mean of input TEC valuesOBSERVABLES USED    
   316                                                      # OF STATIONS       
    32                                                      # OF SATELLITES     
  6371.0                                                    BASE RADIUS         
     2                                                      MAP DIMENSION       
   450.0 450.0   0.0                                        HGT1 / HGT2 / DHGT  
    87.5 -87.5  -2.5                                        LAT1 / LAT2 / DLAT  
  -180.0 180.0   5.0                                        LON1 / LON2 / DLON  
    -1                                                      EXPONENT            
TEC values in 0.1 tec units;  9999, if no value available   COMMENT             
DCB values in nanoseconds, reference is Sum_of_SatDCBs = 0  COMMENT             
                                                            END OF HEADER       
[from data line 2574]
     7                                                      START OF TEC MAP    
  2015     6    19    12     0     0                        EPOCH OF CURRENT MAP
    87.5-180.0 180.0   5.0 450.0                            LAT/LON1/LON2/DLON/H
  176  176  176  177  178  178  179  180  180  180  181  181  182  182  183  183
  183  183  184  184  184  184  184  184  184  183  183  183  183  182  182  181
  181  180  179  179  178  178  177  176  176  175  175  175  174  173  173  173
  173  172  172  171  171  171  171  171  171  171  171  172  172  172  172  172
  172  172  173  173  173  174  174  175  176
    85.0-180.0 180.0   5.0 450.0                            LAT/LON1/LON2/DLON/H
  172  173  174  175  177  178  179  180  181  182  183  184  185  185  186  187
  187  187  188  188  188  188  189  188  188  188  188  187  187  186  186  185
  184  183  182  181  179  178  177  176  175  174  173  172  170  169  169  168
  168  167  167  167  167  167  167  167  167  167  167  168  167  167  167  167
  168  168  168  168  169  170  170  172  172
    82.5-180.0 180.0   5.0 450.0                            LAT/LON1/LON2/DLON/H
  167  169  170  172  174  175  177  179  180  181  183  184  185  185  186  187
  187  188  188  188  188  189  189  189  190  190  189  190  190  189  188  188
  188  187  186  184  183  181  179  178  176  174  172  170  169  168  167  167
  166  166  166  166  166  166  167  167  167  167  167  167  166  166  165  165
  164  164  164  164  164  164  165  166  167
    80.0-180.0 180.0   5.0 450.0                            LAT/LON1/LON2/DLON/H
  161  163  165  167  170  172  174  176  178  179  180  182  182  183  184  184
  184  184  184  185  185  185  186  187  187  188  188  189  189  190  190  191
  191  190  190  188  187  186  184  181  179  177  175  173  171  170  170  168
  169  168  169  169  170  171  171  171  172  172  171  171  170  168  167  165
  163  162  161  160  159  159  159  159  161
    77.5-180.0 180.0   5.0 450.0                            LAT/LON1/LON2/DLON/H
  155  156  159  161  164  166  169  171  173  175  176  177  177  177  178  178
  178  177  177  177  177  178  178  179  180  182  183  185  186  188  190  191
  192  192  193  192  191  190  188  186  183  181  179  177  176  175  174  174
  174  175  175  176  177  178  179  179  179  179  179  178  176  174  171  168
  166  163  160  158  156  154  154  154  155
    75.0-180.0 180.0   5.0 450.0                            LAT/LON1/LON2/DLON/H
  149  150  151  154  157  160  163  165  167  169  170  171  171  171  171  170
  170  169  169  169  168  169  169  171  172  173  175  178  180  183  186  188
  191  193  194  194  194  194  192  190  188  186  184  183  182  181  182  181
  182  183  184  185  185  187  188  189  189  189  189  188  186  183  180  176
  171  167  163  158  155  152  149  149  149
    72.5-180.0 180.0   5.0 450.0                            LAT/LON1/LON2/DLON/H
  144  144  145  147  150  152  156  159  161  163  164  164  164  164  163  163
  162  161  161  160  160  160  160  161  162  164  166  169  173  177  180  184
  188  191  193  194  195  195  194  193  192  190  189  189  189  189  189  190
  191  191  192  193  194  195  196  197  197  198  199  198  197  194  191  187
  181  175  169  163  158  152  148  146  144
    70.0-180.0 180.0   5.0 450.0                            LAT/LON1/LON2/DLON/H
  141  139  139  140  142  145  147  151  154  156  158  159  159  159  158  157
  156  155  154  153  153  152  153  153  154  156  159  161  165  169  174  178
  183  187  191  193  194  194  194  194  193  192  192  193  194  195  196  197
  198  198  198  198  198  199  200  202  204  206  208  208  208  206  204  199
  194  187  179  172  164  157  150  145  141
    67.5-180.0 180.0   5.0 450.0                            LAT/LON1/LON2/DLON/H
  140  136  134  133  133  136  139  143  146  149  152  154  155  155  155  154
  153  151  150  149  148  148  148  149  149  151  153  155  160  164  169  174
  179  184  187  190  192  192  192  192  192  192  194  195  197  199  201  202
  202  202  200  199  199  199  201  204  207  212  215  218  219  219  217  213
  207  201  192  183  173  163  155  147  140
    65.0-180.0 180.0   5.0 450.0                            LAT/LON1/LON2/DLON/H
  141  134  129  126  125  127  130  134  138  143  146  149  152  152  152  152
  151  149  148  147  147  147  147  147  148  149  151  154  157  161  166  171
  176  181  185  188  189  190  189  189  189  191  194  197  200  203  204  205
  203  201  199  197  196  196  199  204  209  215  222  227  230  231  230  227
  222  215  206  196  185  173  161  150  141
    62.5-180.0 180.0   5.0 450.0                            LAT/LON1/LON2/DLON/H
  144  133  126  121  118  117  119  123  128  134  140  144  147  149  149  149
  149  148  148  147  147  147  147  148  149  150  153  155  159  162  166  171
  176  180  183  186  187  188  187  187  188  190  193  197  202  205  206  206
  203  199  195  192  191  192  196  203  211  220  228  235  239  241  241  239
  235  228  219  209  196  183  169  156  144
    60.0-180.0 180.0   5.0 450.0                            LAT/LON1/LON2/DLON/H
  148  135  125  116  111  108  109  112  118  125  132  138  142  144  146  146
  147  147  147  147  148  148  149  150  153  155  157  161  163  167  171  175
  179  183  185  187  188  187  187  187  188  190  194  199  203  206  208  206
  202  197  192  189  187  190  196  205  214  226  235  242  247  250  250  248
  245  239  230  220  206  192  177  162  148
    57.5-180.0 180.0   5.0 450.0                            LAT/LON1/LON2/DLON/H
  152  138  126  115  106  101  100  102  108  115  123  130  135  138  140  142
  144  146  147  148  148  149  151  154  157  160  163  167  171  174  178  181
  185  188  190  191  191  190  190  190  190  194  197  202  206  209  209  207
  202  196  191  188  188  192  200  210  222  233  243  250  254  256  256  253
  250  244  237  226  214  199  184  168  152
    55.0-180.0 180.0   5.0 450.0                            LAT/LON1/LON2/DLON/H
  157  142  128  116  105   97   93   94   99  106  114  122  127  131  134  137
  141  144  146  147  148  150  152  156  160  166  170  174  179  183  186  189
  192  194  196  196  196  196  195  196  197  199  203  207  210  213  212  209
  204  198  193  190  193  198  208  220  232  244  252  257  259  259  257  254
  251  246  239  229  217  203  188  172  157
    52.5-180.0 180.0   5.0 450.0                            LAT/LON1/LON2/DLON/H
  159  146  132  118  106   96   90   89   92   99  107  114  120  124  128  133
  139  143  147  148  149  151  154  159  164  170  176  182  187  191  193  197
  199  201  201  202  203  203  203  204  205  207  210  213  217  218  217  214
  208  202  199  198  201  208  219  231  244  255  261  263  262  259  256  252
  248  243  237  228  216  203  188  174  159
    50.0-180.0 180.0   5.0 450.0                            LAT/LON1/LON2/DLON/H
  159  148  135  122  109   98   90   87   89   95  102  109  114  119  124  130
  138  146  149  152  152  154  157  161  167  175  181  188  192  196  199  201
  204  205  206  209  210  211  212  214  215  217  220  222  224  225  223  219
  214  209  206  206  210  218  229  242  255  265  269  268  263  258  253  248
  244  240  234  224  212  199  185  172  159
    47.5-180.0 180.0   5.0 450.0                            LAT/LON1/LON2/DLON/H
  158  148  137  125  112  100   92   89   90   94  100  106  111  117  122  131
  141  150  156  158  158  158  161  165  171  179  186  193  197  200  202  204
  206  208  211  214  217  220  223  225  227  229  230  232  233  232  230  225
  220  215  213  213  217  226  236  249  261  270  272  270  263  256  249  245
  241  237  231  221  208  194  180  168  158
    45.0-180.0 180.0   5.0 450.0                            LAT/LON1/LON2/DLON/H
  156  147  138  126  115  103   95   92   93   97  103  107  112  118  124  134
  146  158  165  167  167  166  167  171  177  185  192  197  199  201  203  205
  208  211  215  220  225  230  235  238  240  242  242  243  243  241  238  232
  227  221  218  218  221  227  237  249  261  269  272  268  261  253  247  244
  240  237  231  220  206  192  177  165  156
    42.5-180.0 180.0   5.0 450.0                            LAT/LON1/LON2/DLON/H
  154  146  137  127  115  105   99   97   99  103  108  112  116  121  128  139
  153  166  176  179  178  176  175  178  184  192  198  201  202  202  203  206
  210  215  220  227  234  242  248  253  256  257  258  257  256  253  247  240
  233  227  222  220  219  224  232  243  255  264  266  264  257  251  247  245
  244  241  235  224  209  193  177  164  154
    40.0-180.0 180.0   5.0 450.0                            LAT/LON1/LON2/DLON/H
  156  146  137  127  116  107  102  102  106  110  115  119  122  127  133  144
  159  175  187  191  189  186  185  187  192  200  206  207  206  204  205  208
  214  221  228  237  247  256  265  271  275  276  275  274  271  266  259  250
  242  234  228  221  218  219  225  234  245  255  258  257  253  249  247  248
  249  247  242  232  217  199  182  167  156
    37.5-180.0 180.0   5.0 450.0                            LAT/LON1/LON2/DLON/H
  162  150  140  129  118  110  106  108  113  119  123  126  129  132  138  148
  163  181  195  201  200  197  195  196  201  209  215  215  212  209  210  214
  222  231  242  252  263  274  284  292  296  297  295  293  289  283  274  264
  255  246  237  229  222  219  222  229  239  248  253  252  249  247  247  250
  253  254  250  242  228  210  192  175  162
    35.0-180.0 180.0   5.0 450.0                            LAT/LON1/LON2/DLON/H
  172  158  146  135  124  116  113  116  122  128  132  134  135  137  141  149
  165  184  200  208  210  207  205  206  211  219  225  226  222  218  218  224
  234  246  258  270  282  295  306  316  321  320  317  314  310  303  294  283
  275  267  258  248  238  232  230  234  241  247  251  249  246  245  246  251
  254  257  255  249  238  222  204  187  172
    32.5-180.0 180.0   5.0 450.0                            LAT/LON1/LON2/DLON/H
  183  169  157  146  135  127  124  126  131  137  141  141  141  139  142  149
  163  182  201  212  216  215  213  214  220  228  235  237  233  230  230  238
  251  265  279  291  304  317  330  341  346  345  340  336  332  326  319  311
  304  298  291  281  270  261  256  254  256  257  256  252  246  243  242  246
  250  253  254  251  243  230  215  198  183
    30.0-180.0 180.0   5.0 450.0                            LAT/LON1/LON2/DLON/H
  194  181  172  162  152  144  139  140  143  147  149  147  144  141  140  146
  158  178  198  213  220  222  221  222  228  237  245  249  247  244  246  254
  269  285  300  313  326  339  354  366  371  368  362  357  355  353  349  345
  344  342  340  332  320  308  298  290  284  278  270  260  248  240  236  236
  238  241  243  243  240  232  221  208  194
    27.5-180.0 180.0   5.0 450.0                            LAT/LON1/LON2/DLON/H
  202  193  186  179  172  164  159  156  156  158  157  152  146  140  138  141
  152  171  193  211  222  227  228  230  236  245  255  261  261  260  263  272
  288  305  321  335  347  360  376  388  393  389  381  378  379  381  383  386
  391  396  398  393  382  367  351  336  321  306  289  271  253  239  228  223
  222  223  225  228  229  226  220  212  202
    25.0-180.0 180.0   5.0 450.0                            LAT/LON1/LON2/DLON/H
  205  201  199  196  191  185  179  175  172  169  164  156  145  138  135  137
  147  165  187  208  222  230  233  237  243  253  263  272  275  276  281  291
  306  324  339  353  365  378  392  405  409  404  396  396  402  410  418  427
  440  451  458  456  446  429  408  385  361  336  311  285  259  238  222  211
  206  204  206  209  212  213  212  209  205
    22.5-180.0 180.0   5.0 450.0                            LAT/LON1/LON2/DLON/H
  202  204  207  208  207  202  196  191  185  179  171  158  145  134  131  133
  142  159  182  204  221  232  237  242  250  260  272  282  289  293  299  309
  323  340  355  369  380  392  405  416  419  414  409  411  423  437  451  467
  484  500  510  511  501  482  457  428  396  363  329  296  266  240  219  204
  193  189  189  191  194  198  201  202  202
    20.0-180.0 180.0   5.0 450.0                            LAT/LON1/LON2/DLON/H
  196  202  208  214  214  211  207  202  195  186  175  160  144  132  127  130
  138  155  176  199  217  230  239  246  255  266  279  291  302  309  316  327
  340  355  370  383  393  404  414  423  424  420  417  425  441  460  477  496
  516  535  547  548  538  517  490  458  420  380  341  304  272  245  221  202
  189  181  179  178  181  184  189  192  196
    17.5-180.0 180.0   5.0 450.0                            LAT/LON1/LON2/DLON/H
  186  194  204  211  213  212  209  205  199  190  178  160  142  130  126  128
  136  150  170  192  211  226  239  250  261  273  287  300  313  324  334  344
  357  371  384  396  405  413  421  426  427  424  426  438  457  477  495  513
  532  551  561  562  552  532  505  471  431  388  345  308  277  250  227  207
  192  183  178  176  176  177  179  182  186
    15.0-180.0 180.0   5.0 450.0                            LAT/LON1/LON2/DLON/H
  176  183  194  203  205  204  202  200  195  187  176  160  142  128  125  127
  134  147  164  184  204  221  237  252  267  280  294  309  325  339  351  363
  375  387  399  410  418  424  429  432  432  432  437  450  470  488  502  516
  533  549  558  557  547  528  502  469  429  384  341  305  278  255  234  216
  202  192  187  183  179  177  175  174  176
    12.5-180.0 180.0   5.0 450.0                            LAT/LON1/LON2/DLON/H
  167  172  182  189  191  190  189  187  185  179  171  158  142  129  125  126
  132  143  158  176  195  214  234  254  272  287  301  318  335  354  369  382
  393  404  416  426  433  437  440  440  440  442  450  464  479  491  500  510
  523  535  541  539  528  510  486  454  416  372  331  298  277  259  242  225
  213  205  200  194  189  182  175  169  167
    10.0-180.0 180.0   5.0 450.0                            LAT/LON1/LON2/DLON/H
  160  161  169  175  176  174  172  171  169  167  163  154  142  130  125  124
  129  138  152  169  187  207  232  256  277  294  308  325  345  366  385  400
  412  423  434  443  450  453  455  453  454  458  465  475  485  490  493  498
  507  517  520  515  502  485  462  432  395  354  315  287  271  258  245  231
  222  216  212  207  199  189  178  167  160
     7.5-180.0 180.0   5.0 450.0                            LAT/LON1/LON2/DLON/H
  155  154  159  164  165  161  156  153  151  152  152  148  140  130  125  123
  126  134  147  162  180  203  229  257  282  299  314  331  353  376  397  415
  428  439  450  461  468  471  471  471  471  474  479  484  485  484  482  485
  493  499  499  491  477  459  437  407  370  331  296  274  262  254  242  231
  224  222  219  215  207  196  181  166  155
     5.0-180.0 180.0   5.0 450.0                            LAT/LON1/LON2/DLON/H
  154  150  154  158  159  153  144  137  135  136  140  141  136  129  123  120
  122  130  143  158  176  200  229  258  284  304  319  335  356  381  405  425
  440  452  463  475  484  487  486  484  484  484  486  485  479  474  470  474
  481  485  482  470  452  433  410  380  344  307  276  257  250  244  234  224
  219  218  218  216  209  197  183  167  154
     2.5-180.0 180.0   5.0 450.0                            LAT/LON1/LON2/DLON/H
  156  151  155  160  161  153  139  128  122  124  129  133  131  126  120  117
  117  126  139  155  174  198  228  259  285  305  321  336  356  382  407  429
  445  457  471  484  493  495  492  489  487  485  482  475  466  458  457  463
  470  472  465  450  429  407  382  352  316  281  254  239  234  230  221  211
  207  208  210  208  204  195  182  167  156
