data/corinthe/IONEX/igsg1690.15i
     1.0            IONOSPHERE MAPS     MIX                 IONEX VERSION / TYPE
cmpcmb v1.2          GRL/UWM             7-jul-15 17:22     PGM / RUN BY / DATE 
ionex file containing IGS COMBINED Ionosphere maps          COMMENT             
global ionosphere maps for day 169, 2015                    DESCRIPTION         
IONEX file containing the COMBINED IGS TEC MAPS and DCBs    DESCRIPTION         
      IONEX files of the following IAACs were combined: cod DESCRIPTION         
                                                        jpl DESCRIPTION         
Contact address: Andrzej Krankowski                         DESCRIPTION
                 Geodynamics Research Laboratory            DESCRIPTION
                 University of Warmia and Mazury (GRL/UWM)  DESCRIPTION
                 Oczapowski St. 1                           DESCRIPTION
                 10-957-Olsztyn, POLAND                     DESCRIPTION
                 e-mail:  kand@uwm.edu.pl                   DESCRIPTION
                                                            DESCRIPTION         
  2015     6    18     0     0     0                        EPOCH OF FIRST MAP  
  2015     6    19     0     0     0                        EPOCH OF LAST MAP   
  7200                                                      INTERVAL            
    13                                                      # OF MAPS IN FILE   
  COSZ                                                      MAPPING FUNCTION    
     0.0                                                    ELEVATION CUTOFF    
combined TEC calculated as weighted mean of input TEC valuesOBSERVABLES USED    
   318                                                      # OF STATIONS       
    32                                                      # OF SATELLITES     
  6371.0                                                    BASE RADIUS         
     2                                                      MAP DIMENSION       
   450.0 450.0   0.0                                        HGT1 / HGT2 / DHGT  
    87.5 -87.5  -2.5                                        LAT1 / LAT2 / DLAT  
  -180.0 180.0   5.0                                        LON1 / LON2 / DLON  
    -1                                                      EXPONENT            
TEC values in 0.1 tec units;  9999, if no value available   COMMENT             
DCB values in nanoseconds, reference is Sum_of_SatDCBs = 0  COMMENT             
                                                            END OF HEADER       
[from data line 1716]
     5                                                      START OF TEC MAP    
  2015     6    18     8     0     0                        EPOCH OF CURRENT MAP
    87.5-180.0 180.0   5.0 450.0                            LAT/LON1/LON2/DLON/H
  169  168  168  167  167  166  166  166  165  165  164  164  163  163  163  162
  162  162  162  162  162  162  162  162  163  163  163  163  163  164  164  165
  165  165  166  166  166  167  167  168  169  169  170  170  170  171  171  172
  172  172  173  173  173  173  174  174  174  174  174  173  173  173  173  172
  172  172  171  171  171  170  170  169  169
    85.0-180.0 180.0   5.0 450.0                            LAT/LON1/LON2/DLON/H
  168  167  167  166  165  165  164  163  162  161  161  160  159  159  158  158
  157  157  157  156  156  156  156  156  157  157  158  158  158  160  160  161
  162  163  164  165  166  167  168  169  170  170  171  172  173  173  174  175
  175  176  177  178  178  179  179  180  180  180  180  180  179  179  178  177
  176  175  175  174  172  171  170  169  168
    82.5-180.0 180.0   5.0 450.0                            LAT/LON1/LON2/DLON/H
  167  167  165  164  163  162  161  160  159  158  157  157  156  155  154  153
  152  151  151  151  150  150  150  150  150  151  152  153  154  156  157  158
  160  162  164  165  166  168  169  170  171  172  173  174  174  176  177  177
  179  179  181  181  182  183  184  185  185  186  186  185  184  184  183  181
  180  178  177  175  173  172  170  169  167
    80.0-180.0 180.0   5.0 450.0                            LAT/LON1/LON2/DLON/H
  166  165  163  162  161  160  160  159  157  156  155  153  152  151  150  149
  148  147  146  145  145  144  144  144  144  146  147  147  149  151  154  156
  157  160  163  165  166  169  170  172  173  174  175  176  176  178  178  179
  180  181  183  184  185  186  188  189  190  190  190  190  189  188  186  185
  183  180  178  176  173  171  169  168  166
    77.5-180.0 180.0   5.0 450.0                            LAT/LON1/LON2/DLON/H
  164  163  161  160  159  158  157  156  154  153  151  149  148  147  145  144
  143  142  141  140  140  139  139  139  139  139  141  142  145  146  149  152
  155  159  161  164  167  170  171  173  175  176  177  177  177  179  179  180
  181  182  183  185  186  188  190  191  193  193  194  193  193  191  189  187
  184  182  179  176  173  170  168  166  164
    75.0-180.0 180.0   5.0 450.0                            LAT/LON1/LON2/DLON/H
  162  161  159  158  156  155  153  151  150  148  146  144  143  141  140  139
  138  137  136  136  135  134  134  134  134  135  135  137  140  143  146  149
  153  157  160  164  167  169  172  174  175  176  177  178  178  179  179  180
  180  180  182  183  185  187  188  190  192  194  194  194  193  193  191  188
  186  183  179  176  173  170  167  164  162
    72.5-180.0 180.0   5.0 450.0                            LAT/LON1/LON2/DLON/H
  161  158  156  154  152  150  148  145  143  141  139  137  136  135  134  133
  133  132  132  132  131  131  130  129  129  129  130  133  136  139  144  148
  152  156  160  164  167  170  172  174  176  177  178  178  178  178  178  179
  179  179  180  181  182  183  185  187  188  190  191  192  192  191  190  188
  186  183  180  176  173  169  166  163  161
    70.0-180.0 180.0   5.0 450.0                            LAT/LON1/LON2/DLON/H
  160  157  153  150  147  144  141  139  136  134  131  130  129  128  127  127
  127  127  127  127  127  126  126  125  125  125  126  129  133  138  143  148
  153  158  161  165  168  171  173  175  176  178  179  179  179  179  180  179
  179  179  178  177  178  178  179  180  181  184  185  187  188  188  187  186
  184  182  180  177  174  171  167  164  160
    67.5-180.0 180.0   5.0 450.0                            LAT/LON1/LON2/DLON/H
  161  156  152  147  143  139  135  132  129  127  124  123  122  121  121  121
  121  122  122  122  122  121  121  120  120  122  123  127  132  137  144  150
  156  161  164  167  170  172  175  176  178  179  180  181  182  183  182  182
  181  180  178  176  174  172  172  172  173  175  177  179  181  182  183  182
  182  181  180  177  175  172  169  165  161
    65.0-180.0 180.0   5.0 450.0                            LAT/LON1/LON2/DLON/H
  163  158  152  145  139  134  129  126  123  120  118  117  116  115  114  115
  115  115  116  116  116  116  115  116  117  118  122  127  133  140  147  154
  160  165  168  171  174  175  177  179  181  183  185  186  188  188  189  189
  187  185  181  177  172  169  166  165  165  166  168  170  174  175  177  178
  179  178  179  178  176  174  172  168  163
    62.5-180.0 180.0   5.0 450.0                            LAT/LON1/LON2/DLON/H
  168  162  155  147  140  133  127  122  118  115  113  112  111  110  109  109
  108  109  109  109  109  109  109  110  113  116  121  128  136  144  152  159
  166  170  173  176  178  180  182  184  186  188  191  193  197  199  200  200
  198  194  189  182  175  169  164  161  159  159  161  163  166  169  171  173
  175  175  176  177  178  178  176  172  168
    60.0-180.0 180.0   5.0 450.0                            LAT/LON1/LON2/DLON/H
  175  169  161  153  144  136  128  121  116  112  110  109  108  107  105  104
  102  101  101  102  101  102  103  105  109  114  122  131  140  150  158  165
  171  176  179  181  184  187  189  191  193  196  200  204  208  213  215  215
  213  207  200  191  181  173  166  161  157  156  157  158  161  164  167  168
  170  172  174  177  179  180  180  178  175
    57.5-180.0 180.0   5.0 450.0                            LAT/LON1/LON2/DLON/H
  183  178  172  164  154  143  133  124  117  112  108  106  105  104  102   99
   96   95   93   93   93   94   95   99  104  112  123  134  146  157  165  172
  177  182  185  188  192  194  197  200  204  207  212  218  224  230  233  233
  230  223  214  204  192  181  172  164  159  157  156  157  160  162  164  167
  168  170  173  176  180  183  185  185  183
    55.0-180.0 180.0   5.0 450.0                            LAT/LON1/LON2/DLON/H
  192  190  185  177  167  155  142  130  120  112  108  105  103  102   99   95
   92   89   87   86   86   87   89   93  101  111  124  138  152  164  173  179
  184  188  192  196  200  205  209  212  216  221  227  235  242  248  252  252
  248  240  230  217  204  193  181  172  165  161  160  160  162  164  166  167
  168  170  172  176  181  185  190  192  192
    52.5-180.0 180.0   5.0 450.0                            LAT/LON1/LON2/DLON/H
  201  201  199  193  182  169  154  138  125  114  108  104  102   99   97   92
   88   84   81   81   81   82   84   88   97  110  126  142  158  171  180  186
  191  195  200  206  211  217  222  227  232  238  245  254  262  269  272  271
  265  256  245  231  218  205  193  183  175  169  166  165  167  169  171  171
  171  172  173  177  181  187  193  198  201
    50.0-180.0 180.0   5.0 450.0                            LAT/LON1/LON2/DLON/H
  207  210  209  205  197  182  166  148  132  118  108  103  101   98   96   91
   86   82   79   79   79   80   82   86   95  109  127  146  163  176  186  193
  197  203  209  217  225  233  239  246  252  259  267  276  285  290  292  289
  282  271  258  245  232  219  206  195  186  178  174  173  175  177  178  179
  178  177  177  179  183  189  196  202  207
    47.5-180.0 180.0   5.0 450.0                            LAT/LON1/LON2/DLON/H
  209  213  215  213  206  193  176  157  138  122  110  103  100   98   97   93
   88   84   81   80   81   81   83   87   95  109  128  148  166  181  191  198
  204  211  220  230  240  250  258  267  274  283  292  301  309  314  314  308
  298  285  272  259  246  234  222  211  200  190  184  183  184  186  188  188
  186  184  183  183  187  191  198  204  209
    45.0-180.0 180.0   5.0 450.0                            LAT/LON1/LON2/DLON/H
  208  211  212  212  207  197  182  164  145  127  114  105  102  101  101   98
   94   89   87   86   87   87   87   90   98  112  130  150  169  184  195  204
  211  220  231  243  256  268  279  290  300  310  320  329  337  339  336  328
  316  303  289  276  264  253  241  229  216  205  197  194  195  197  198  198
  197  194  192  191  192  195  200  205  208
    42.5-180.0 180.0   5.0 450.0                            LAT/LON1/LON2/DLON/H
  205  205  204  203  201  194  182  167  149  132  118  110  106  106  107  106
  103   99   97   96   96   95   95   97  103  115  132  152  172  188  199  209
  218  228  241  256  272  287  301  314  327  338  349  358  364  364  360  350
  337  323  310  299  289  279  268  254  240  225  215  209  208  208  209  209
  208  207  204  202  200  201  203  204  205
    40.0-180.0 180.0   5.0 450.0                            LAT/LON1/LON2/DLON/H
  201  196  192  189  187  183  176  166  152  138  125  116  113  113  116  117
  114  111  108  107  106  106  106  107  110  120  135  155  174  191  204  214
  223  235  249  267  285  304  321  337  352  365  376  384  389  389  383  374
  362  350  339  330  323  315  304  289  271  253  239  230  224  222  221  220
  220  218  217  214  212  210  208  205  201
    37.5-180.0 180.0   5.0 450.0                            LAT/LON1/LON2/DLON/H
  198  188  180  174  171  170  167  161  153  143  132  125  122  123  126  128
  125  122  118  117  116  116  117  118  121  128  140  159  178  195  208  218
  229  241  256  275  296  317  338  357  373  387  399  407  411  411  406  399
  390  382  375  372  368  363  353  336  315  293  273  258  249  241  236  232
  231  231  232  229  225  220  215  208  198
    35.0-180.0 180.0   5.0 450.0                            LAT/LON1/LON2/DLON/H
  200  185  170  162  157  156  157  156  153  147  141  135  133  135  137  137
  135  130  126  124  124  126  128  129  131  137  148  164  182  198  212  222
  231  243  259  279  303  326  349  370  388  402  414  422  425  427  426  424
  420  418  418  422  424  423  415  398  372  345  319  298  280  266  254  246
  243  243  245  245  241  234  225  214  200
    32.5-180.0 180.0   5.0 450.0                            LAT/LON1/LON2/DLON/H
  207  187  169  156  149  147  149  151  152  152  149  146  145  147  148  146
  140  134  129  127  129  133  137  140  142  146  155  170  186  201  214  224
  232  242  259  280  304  331  355  377  394  410  421  429  435  439  443  446
  450  456  466  478  488  493  488  471  443  409  377  348  322  298  276  260
  253  254  259  260  256  249  238  224  207
    30.0-180.0 180.0   5.0 450.0                            LAT/LON1/LON2/DLON/H
  221  200  178  160  151  148  148  150  154  157  158  158  158  158  156  152
  143  134  128  126  129  137  145  150  154  157  163  174  188  202  215  224
  231  240  255  278  303  330  354  376  394  409  421  429  438  446  454  464
  476  493  513  535  554  566  565  548  518  480  442  406  371  335  302  276
  262  263  270  275  272  265  254  240  221
    27.5-180.0 180.0   5.0 450.0                            LAT/LON1/LON2/DLON/H
  241  219  196  176  163  156  154  154  157  162  167  170  170  169  164  155
  143  132  124  122  128  138  150  159  163  165  169  177  187  199  211  220
  226  235  251  273  299  325  350  370  388  403  415  426  438  449  462  476
  497  523  554  585  612  631  634  618  587  546  504  463  420  375  330  292
  273  272  281  288  288  281  271  258  241
    25.0-180.0 180.0   5.0 450.0                            LAT/LON1/LON2/DLON/H
  265  244  221  200  185  175  168  163  163  169  176  181  182  178  170  157
  142  128  120  119  126  140  154  164  169  170  170  174  181  192  204  213
  220  230  246  268  294  320  344  364  381  396  409  422  436  451  466  483
  509  543  581  618  652  674  681  668  638  597  553  510  463  411  356  309
  283  281  292  301  302  297  290  280  265
    22.5-180.0 180.0   5.0 450.0                            LAT/LON1/LON2/DLON/H
  291  273  253  232  215  201  188  178  174  178  186  192  192  186  175  158
  140  126  117  117  126  142  157  168  172  170  166  166  169  179  192  203
  213  225  242  265  292  317  339  359  376  391  406  420  436  452  467  485
  513  550  590  630  664  689  697  686  658  621  581  539  493  439  380  327
  295  292  304  313  315  312  308  302  291
    20.0-180.0 180.0   5.0 450.0                            LAT/LON1/LON2/DLON/H
  315  302  285  266  248  231  213  195  187  189  197  202  201  193  178  159
  141  126  119  119  129  144  158  167  170  164  157  152  153  162  176  192
  205  221  241  266  292  317  339  358  376  392  407  422  438  455  468  484
  509  543  580  615  646  667  675  666  644  613  581  546  506  456  398  343
  309  305  317  326  328  326  325  322  315
    17.5-180.0 180.0   5.0 450.0                            LAT/LON1/LON2/DLON/H
  336  328  314  298  280  262  239  215  202  200  207  210  208  197  180  159
  142  129  122  123  132  146  159  165  163  155  143  134  134  143  160  179
  198  219  243  270  298  322  343  362  381  398  413  428  444  459  469  481
  500  525  553  579  602  618  623  618  602  581  558  534  505  464  412  360
  328  322  332  340  341  340  339  340  336
    15.0-180.0 180.0   5.0 450.0                            LAT/LON1/LON2/DLON/H
  353  348  337  324  307  288  262  235  217  213  216  216  210  197  179  160
  144  133  127  129  137  150  158  161  155  143  127  116  114  124  144  168
  193  218  247  277  306  331  351  371  390  408  422  437  452  464  471  478
  490  505  520  535  549  556  558  554  546  535  524  512  494  464  421  375
  346  341  349  354  353  351  352  353  353
    12.5-180.0 180.0   5.0 450.0                            LAT/LON1/LON2/DLON/H
  365  362  354  342  327  308  281  251  230  224  223  219  209  195  177  159
  145  137  133  135  142  151  157  156  147  131  113   99   96  108  131  158
  189  220  252  285  316  340  361  380  400  418  433  446  458  468  473  478
  485  490  495  499  501  501  498  496  493  491  490  488  481  461  428  391
  366  361  366  368  365  362  362  364  365
    10.0-180.0 180.0   5.0 450.0                            LAT/LON1/LON2/DLON/H
  374  372  364  353  338  320  294  264  242  233  228  219  205  189  173  157
  146  139  137  139  144  151  153  149  138  121  102   87   84   97  121  152
  185  220  256  291  323  348  368  387  406  426  440  452  462  470  476  482
  487  488  486  482  477  469  463  459  459  463  468  474  472  459  433  403
  384  379  382  382  377  371  370  373  374
     7.5-180.0 180.0   5.0 450.0                            LAT/LON1/LON2/DLON/H
  380  378  370  359  345  326  301  273  252  241  232  217  199  182  167  155
  145  140  138  140  144  148  148  142  130  113   94   80   78   90  115  147
  182  219  256  293  326  351  369  387  407  426  441  452  461  468  477  488
  498  502  500  495  484  472  460  453  453  457  465  472  471  458  437  413
  397  392  393  391  384  378  376  378  380
     5.0-180.0 180.0   5.0 450.0                            LAT/LON1/LON2/DLON/H
  384  382  374  362  347  329  306  280  260  247  234  215  194  176  161  151
  144  139  137  137  139  141  140  134  122  107   89   76   74   87  112  144
  179  215  253  289  322  347  364  381  400  418  433  443  452  461  476  496
  515  529  534  531  519  502  487  476  471  471  476  480  475  459  438  417
  403  398  397  394  387  380  378  381  384
     2.5-180.0 180.0   5.0 450.0                            LAT/LON1/LON2/DLON/H
  383  382  374  363  348  329  308  286  267  252  236  214  190  170  157  148
  141  136  133  131  132  132  130  124  114  100   86   75   74   86  110  140
  173  208  244  279  312  336  351  366  384  400  414  424  435  449  471  501
  533  558  575  577  567  549  531  517  506  499  498  494  480  458  434  415
  401  395  392  389  382  376  374  378  383
