data/corinthe/IONEX/igsg1600.15i
     1.0            IONOSPHERE MAPS     MIX                 IONEX VERSION / TYPE
cmpcmb v1.2          GRL/UWM            29-jun-15 22:52     PGM / RUN BY / DATE 
ionex file containing IGS COMBINED Ionosphere maps          COMMENT             
global ionosphere maps for day 160, 2015                    DESCRIPTION         
IONEX file containing the COMBINED IGS TEC MAPS and DCBs    DESCRIPTION         
      IONEX files of the following IAACs were combined: cod DESCRIPTION         
                                                        jpl DESCRIPTION         
Contact address: Andrzej Krankowski                         DESCRIPTION
                 Geodynamics Research Laboratory            DESCRIPTION
                 University of Warmia and Mazury (GRL/UWM)  DESCRIPTION
                 Oczapowski St. 1                           DESCRIPTION
                 10-957-Olsztyn, POLAND                     DESCRIPTION
                 e-mail:  kand@uwm.edu.pl                   DESCRIPTION
                                                            DESCRIPTION         
  2015     6     9     0     0     0                        EPOCH OF FIRST MAP  
  2015     6    10     0     0     0                        EPOCH OF LAST MAP   
  7200                                                      INTERVAL            
    13                                                      # OF MAPS IN FILE   
  COSZ                                                      MAPPING FUNCTION    
     0.0                                                    ELEVATION CUTOFF    
combined TEC calculated as weighted mean of input TEC valuesOBSERVABLES USED    
   321                                                      # OF STATIONS       
    32                                                      # OF SATELLITES     
  6371.0                                                    BASE RADIUS         
     2                                                      MAP DIMENSION       
   450.0 450.0   0.0                                        HGT1 / HGT2 / DHGT  
    87.5 -87.5  -2.5                                        LAT1 / LAT2 / DLAT  
  -180.0 180.0   5.0                                        LON1 / LON2 / DLON  
    -1                                                      EXPONENT            
TEC values in 0.1 tec units;  9999, if no value available   COMMENT             
DCB values in nanoseconds, reference is Sum_of_SatDCBs = 0  COMMENT             
                                                            END OF HEADER       
[from data line 5148]
    13                                                      START OF TEC MAP    
  2015     6    10     0     0     0                        EPOCH OF CURRENT MAP
    87.5-180.0 180.0   5.0 450.0                            LAT/LON1/LON2/DLON/H
  177  177  178  178  178  178  178  178  178  177  177  177  176  176  175  174
  173  173  172  171  170  169  168  167  166  165  164  163  162  162  161  160
  160  159  158  158  158  157  157  157  157  158  158  158  159  159  160  160
  161  162  162  163  164  165  166  167  167  168  169  170  170  171  172  173
  173  174  175  176  176  176  177  177  177
    85.0-180.0 180.0   5.0 450.0                            LAT/LON1/LON2/DLON/H
  186  186  187  187  187  187  187  187  187  187  186  185  184  183  182  181
  180  178  177  175  174  172  170  168  166  163  161  159  157  155  153  152
  151  150  149  148  148  148  148  148  148  149  150  151  152  153  154  155
  156  157  159  160  162  163  164  166  167  169  170  171  173  174  176  177
  178  179  180  181  182  183  184  185  186
    82.5-180.0 180.0   5.0 450.0                            LAT/LON1/LON2/DLON/H
  192  193  193  194  194  194  195  195  194  194  193  192  191  190  188  187
  185  183  182  179  177  174  171  169  165  162  159  156  153  150  147  145
  143  141  140  140  140  140  140  141  142  143  144  146  147  148  150  151
  153  155  156  158  160  162  164  166  168  169  171  173  174  176  178  180
  181  183  184  186  187  188  190  191  192
    80.0-180.0 180.0   5.0 450.0                            LAT/LON1/LON2/DLON/H
  196  197  198  199  200  200  200  201  201  200  199  198  196  194  193  190
  189  186  184  182  180  177  173  169  165  161  157  152  148  144  141  138
  136  134  133  134  134  135  137  138  139  141  142  144  146  148  149  151
  153  154  156  158  160  162  164  166  168  170  172  173  175  177  179  181
  183  184  186  188  189  191  193  194  196
    77.5-180.0 180.0   5.0 450.0                            LAT/LON1/LON2/DLON/H
  199  201  202  204  205  206  207  207  207  206  204  202  200  197  195  192
  189  187  184  182  180  177  173  169  165  160  154  149  144  139  135  132
  130  129  129  131  132  134  137  139  141  142  144  145  147  148  150  152
  153  155  156  158  160  162  164  166  168  169  171  173  175  176  178  180
  181  183  185  188  190  192  195  197  199
    75.0-180.0 180.0   5.0 450.0                            LAT/LON1/LON2/DLON/H
  201  203  206  207  209  211  212  213  213  212  209  206  203  198  194  190
  186  183  181  178  176  174  171  168  163  158  152  146  140  135  131  127
  126  126  128  131  134  136  140  142  145  147  148  149  151  151  152  153
  154  155  157  159  161  163  165  167  169  170  172  173  174  175  176  178
  180  182  184  186  189  192  195  198  201
    72.5-180.0 180.0   5.0 450.0                            LAT/LON1/LON2/DLON/H
  201  204  207  209  212  215  217  218  219  218  215  211  206  200  193  187
  182  178  174  172  170  168  167  164  160  155  150  143  137  132  127  125
  124  126  128  132  137  140  144  147  149  151  152  152  153  153  154  155
  155  157  158  160  163  165  167  169  171  172  174  174  174  175  175  176
  177  179  181  184  188  191  194  198  201
    70.0-180.0 180.0   5.0 450.0                            LAT/LON1/LON2/DLON/H
  201  204  206  209  212  216  219  222  224  224  221  217  210  202  194  185
  177  171  166  163  162  161  160  158  156  152  146  141  135  130  127  125
  125  128  131  135  140  144  148  150  151  153  153  153  154  154  155  155
  157  158  160  163  165  168  172  174  176  177  178  178  178  177  176  176
  177  178  180  183  187  191  195  198  201
    67.5-180.0 180.0   5.0 450.0                            LAT/LON1/LON2/DLON/H
  201  203  204  206  210  214  219  224  228  229  228  224  216  207  196  185
  175  166  159  155  153  153  152  152  151  148  144  140  135  132  130  129
  130  132  135  139  144  146  149  151  151  152  152  152  153  153  155  157
  158  161  163  166  170  173  178  181  184  186  186  185  184  182  181  179
  179  179  181  184  188  192  196  198  201
    65.0-180.0 180.0   5.0 450.0                            LAT/LON1/LON2/DLON/H
  202  202  202  203  205  209  216  223  229  233  234  230  224  214  202  189
  176  164  155  150  147  147  147  147  147  146  144  141  139  137  135  135
  136  139  141  144  146  148  148  148  148  147  147  148  150  152  154  157
  160  163  166  170  175  180  186  191  194  197  198  197  194  192  189  186
  185  184  185  188  191  195  198  201  202
    62.5-180.0 180.0   5.0 450.0                            LAT/LON1/LON2/DLON/H
  205  204  201  200  200  204  211  219  228  234  237  236  231  223  211  197
  183  169  158  151  146  144  144  145  146  146  145  145  144  144  145  145
  146  147  147  147  147  146  145  143  142  141  142  143  146  149  153  157
  161  164  169  174  180  187  195  202  207  210  211  210  206  203  199  196
  193  192  192  194  197  200  204  205  205
    60.0-180.0 180.0   5.0 450.0                            LAT/LON1/LON2/DLON/H
  211  208  203  200  199  202  208  216  225  233  237  239  237  231  221  208
  194  180  168  158  152  149  148  148  149  150  151  152  154  155  156  157
  157  156  154  152  149  146  142  139  136  135  135  138  141  147  152  157
  161  166  171  177  185  195  204  213  219  223  224  222  219  215  211  207
  204  201  201  202  205  208  211  213  211
    57.5-180.0 180.0   5.0 450.0                            LAT/LON1/LON2/DLON/H
  220  216  211  205  202  203  207  215  223  231  236  240  240  238  231  222
  210  197  184  173  166  161  158  157  158  160  162  164  166  167  168  169
  168  165  160  156  150  145  140  136  132  131  131  134  139  145  150  156
  161  166  173  181  191  201  213  223  230  235  236  234  230  226  221  217
  213  210  209  211  213  216  220  221  220
    55.0-180.0 180.0   5.0 450.0                            LAT/LON1/LON2/DLON/H
  230  227  222  217  212  211  212  217  223  229  234  238  242  244  241  236
  228  217  206  195  186  180  176  174  174  175  177  179  181  182  182  180
  177  171  165  158  152  147  142  137  132  129  129  133  137  143  149  154
  160  166  174  184  195  208  221  232  241  245  245  243  239  233  228  223
  221  219  218  220  222  225  229  231  230
    52.5-180.0 180.0   5.0 450.0                            LAT/LON1/LON2/DLON/H
  241  240  236  232  228  225  224  226  228  231  234  239  243  247  249  248
  244  237  229  219  211  204  199  196  195  195  196  197  197  197  194  190
  184  176  168  161  155  151  147  142  136  132  131  134  138  143  148  153
  158  165  175  187  201  216  230  242  251  254  253  250  244  238  232  227
  226  225  226  228  231  234  237  240  241
    50.0-180.0 180.0   5.0 450.0                            LAT/LON1/LON2/DLON/H
  251  252  252  249  247  244  242  240  239  238  239  241  245  251  256  259
  258  255  250  244  237  230  225  221  219  218  217  216  214  211  205  198
  188  178  170  164  161  158  156  151  144  138  136  138  141  145  148  151
  156  164  176  191  208  225  241  253  261  264  262  256  248  240  234  230
  230  232  235  238  240  243  246  249  251
    47.5-180.0 180.0   5.0 450.0                            LAT/LON1/LON2/DLON/H
  260  264  266  267  266  265  262  259  255  252  249  249  251  256  261  265
  268  268  267  265  260  255  250  246  243  241  238  235  231  225  216  205
  192  180  171  167  167  168  167  162  155  148  144  145  147  149  149  151
  154  163  177  195  216  236  252  265  273  274  271  264  254  244  236  233
  235  239  244  249  251  253  255  257  260
    45.0-180.0 180.0   5.0 450.0                            LAT/LON1/LON2/DLON/H
  271  275  280  283  286  286  285  282  277  271  265  262  262  264  267  270
  273  276  279  281  280  276  273  269  265  262  258  252  246  238  227  212
  196  182  175  173  175  179  180  175  167  159  155  155  157  156  153  152
  155  164  180  201  224  247  265  279  286  287  283  274  262  250  242  239
  242  249  257  263  267  267  267  268  271
    42.5-180.0 180.0   5.0 450.0                            LAT/LON1/LON2/DLON/H
  286  289  293  299  304  307  307  306  301  294  287  281  278  277  276  275
  276  280  286  292  295  294  290  287  284  281  275  269  262  252  238  221
  203  189  182  182  187  193  195  190  181  173  169  169  169  167  162  158
  159  168  185  208  233  257  277  291  299  300  296  287  274  262  253  251
  255  263  274  282  286  286  285  284  286
    40.0-180.0 180.0   5.0 450.0                            LAT/LON1/LON2/DLON/H
  306  307  310  315  321  326  329  329  326  319  311  305  300  295  290  285
  282  285  293  302  307  308  305  303  301  298  292  285  277  266  252  234
  215  200  194  195  202  208  209  204  196  188  186  187  186  182  175  168
  167  176  191  214  240  264  285  300  309  311  308  299  288  276  268  266
  271  281  293  304  310  311  309  306  306
    37.5-180.0 180.0   5.0 450.0                            LAT/LON1/LON2/DLON/H
  334  332  333  336  340  345  348  351  350  344  338  333  328  320  311  301
  293  293  302  312  319  320  319  317  316  314  310  303  294  283  268  250
  231  217  211  213  218  223  223  219  211  206  205  207  207  201  191  183
  179  184  198  219  243  267  288  304  314  319  318  312  303  293  286  284
  289  300  315  328  336  340  339  336  334
    35.0-180.0 180.0   5.0 450.0                            LAT/LON1/LON2/DLON/H
  369  366  363  362  364  367  371  374  374  371  367  363  359  351  338  324
  311  309  315  326  334  336  333  332  332  332  329  322  313  301  286  267
  249  236  230  230  233  236  236  232  227  225  227  230  229  222  210  199
  192  194  204  220  241  263  285  303  314  321  323  321  316  309  304  302
  308  319  334  349  363  370  373  372  369
    32.5-180.0 180.0   5.0 450.0                            LAT/LON1/LON2/DLON/H
  408  404  399  395  393  393  396  400  401  399  396  395  392  385  371  354
  338  332  336  345  352  354  352  351  352  353  351  344  333  319  302  283
  265  252  246  244  244  245  244  242  242  244  248  252  250  240  227  213
  204  202  206  218  235  255  276  293  307  316  322  324  324  321  319  319
  323  333  349  367  385  397  405  409  408
    30.0-180.0 180.0   5.0 450.0                            LAT/LON1/LON2/DLON/H
  443  441  436  431  427  426  428  432  433  431  428  428  427  422  408  389
  371  360  360  367  373  375  373  372  374  376  375  366  352  334  314  293
  275  261  253  249  247  246  247  248  253  259  266  268  264  254  238  223
  211  205  205  211  224  242  261  280  295  306  316  323  327  329  330  331
  334  343  359  379  401  419  433  441  443
    27.5-180.0 180.0   5.0 450.0                            LAT/LON1/LON2/DLON/H
  473  475  472  469  465  463  466  471  474  470  464  463  463  460  447  428
  407  392  387  391  395  398  396  395  396  398  396  385  366  342  318  293
  273  257  248  241  239  240  243  250  258  268  276  277  270  257  241  225
  212  203  199  201  210  226  246  265  282  295  307  318  327  333  337  338
  342  350  364  386  410  433  453  466  473
    25.0-180.0 180.0   5.0 450.0                            LAT/LON1/LON2/DLON/H
  493  499  502  503  503  503  507  515  518  514  505  502  503  499  487  467
  443  425  415  413  416  419  419  417  417  417  411  394  369  340  309  281
  257  240  229  224  222  226  234  244  256  267  273  272  263  249  234  218
  206  196  189  189  196  212  232  253  270  286  300  313  326  335  341  344
  347  354  368  388  413  440  464  481  493
    22.5-180.0 180.0   5.0 450.0                            LAT/LON1/LON2/DLON/H
  502  512  521  529  535  541  549  559  566  560  550  544  543  540  528  506
  479  456  441  435  435  437  437  435  432  427  415  393  361  324  289  256
  230  213  202  198  201  208  220  233  245  255  258  254  244  231  217  205
  194  185  178  176  184  200  222  245  264  280  296  311  326  337  345  349
  352  359  372  392  417  443  468  487  502
    20.0-180.0 180.0   5.0 450.0                            LAT/LON1/LON2/DLON/H
  502  516  531  546  559  571  584  599  608  604  593  585  583  579  567  543
  514  485  464  454  451  451  450  446  438  426  406  375  338  297  258  225
  199  183  174  173  179  191  205  218  227  232  232  226  215  205  194  186
  179  171  165  165  174  192  217  243  264  282  298  314  330  342  350  356
  361  369  382  399  421  446  469  488  502
    17.5-180.0 180.0   5.0 450.0                            LAT/LON1/LON2/DLON/H
  499  514  532  553  573  590  608  626  639  639  631  624  622  616  602  578
  545  512  487  471  464  461  457  448  433  412  383  347  305  263  224  192
  170  158  153  154  164  179  193  202  204  205  200  193  184  176  170  166
  162  157  153  155  166  187  215  243  268  288  305  322  338  351  359  366
  373  383  397  413  432  451  470  486  499
    15.0-180.0 180.0   5.0 450.0                            LAT/LON1/LON2/DLON/H
  497  509  529  553  576  598  617  638  655  660  657  654  653  646  631  606
  573  537  508  488  475  466  457  441  417  386  349  308  267  227  193  167
  151  145  145  148  159  175  187  190  184  177  170  161  154  150  149  148
  146  142  141  145  159  183  213  244  273  294  314  333  349  363  371  378
  389  401  417  432  447  462  476  487  497
    12.5-180.0 180.0   5.0 450.0                            LAT/LON1/LON2/DLON/H
  499  509  525  548  573  594  614  634  653  664  669  671  671  665  650  626
  593  558  527  501  482  466  449  425  391  350  308  267  229  196  170  153
  147  148  152  156  165  181  190  184  170  156  145  137  132  130  132  134
  133  130  130  136  152  176  208  242  273  299  322  343  362  376  385  393
  406  421  439  454  466  476  485  493  499
    10.0-180.0 180.0   5.0 450.0                            LAT/LON1/LON2/DLON/H
  507  513  525  543  564  583  599  617  636  651  662  671  675  668  654  634
  605  572  541  512  485  460  434  399  356  309  265  228  198  176  161  155
  158  166  173  175  182  194  198  185  164  145  132  123  118  118  121  124
  123  119  119  126  142  166  198  234  268  299  326  350  371  387  398  408
  422  441  460  475  486  492  499  504  507
     7.5-180.0 180.0   5.0 450.0                            LAT/LON1/LON2/DLON/H
  521  524  531  543  557  569  579  592  608  625  640  654  661  657  645  629
  606  578  548  515  481  448  411  367  316  266  226  197  180  169  165  169
  181  194  201  201  205  213  211  192  165  142  126  117  112  113  115  117
  114  110  109  116  130  152  182  219  256  291  323  352  376  395  408  420
  436  456  476  492  502  508  513  518  521
     5.0-180.0 180.0   5.0 450.0                            LAT/LON1/LON2/DLON/H
  540  542  543  549  555  560  562  568  578  591  606  622  631  630  624  612
  596  573  545  510  470  428  384  332  278  230  197  180  175  176  181  193
  210  225  230  228  227  231  224  200  169  144  127  117  112  111  112  112
  108  101   99  104  116  135  162  198  238  277  313  347  376  399  414  427
  443  464  485  502  513  521  529  536  540
     2.5-180.0 180.0   5.0 450.0                            LAT/LON1/LON2/DLON/H
  561  563  562  562  562  559  555  552  552  558  567  580  590  594  591  585
  574  556  529  493  450  404  355  301  247  204  183  179  185  194  206  222
  240  252  253  247  243  242  231  204  171  145  129  119  113  111  109  107
  101   94   89   93  102  117  141  176  217  259  299  337  370  395  414  428
  444  464  485  504  517  529  541  553  561
