data/corinthe/IONEX/igsg1620.15i
     1.0            IONOSPHERE MAPS     MIX                 IONEX VERSION / TYPE
cmpcmb v1.2          GRL/UWM            29-jun-15 23:00     PGM / RUN BY / DATE 
ionex file containing IGS COMBINED Ionosphere maps          COMMENT             
global ionosphere maps for day 162, 2015                    DESCRIPTION         
IONEX file containing the COMBINED IGS TEC MAPS and DCBs    DESCRIPTION         
      IONEX files of the following IAACs were combined: cod DESCRIPTION         
                                                        jpl DESCRIPTION         
Contact address: Andrzej Krankowski                         DESCRIPTION
                 Geodynamics Research Laboratory            DESCRIPTION
                 University of Warmia and Mazury (GRL/UWM)  DESCRIPTION
                 Oczapowski St. 1                           DESCRIPTION
                 10-957-Olsztyn, POLAND                     DESCRIPTION
                 e-mail:  kand@uwm.edu.pl                   DESCRIPTION
                                                            DESCRIPTION         
  2015     6    11     0     0     0                        EPOCH OF FIRST MAP  
  2015     6    12     0     0     0                        EPOCH OF LAST MAP   
  7200                                                      INTERVAL            
    13                                                      # OF MAPS IN FILE   
  COSZ                                                      MAPPING FUNCTION    
     0.0                                                    ELEVATION CUTOFF    
combined TEC calculated as weighted mean of input TEC valuesOBSERVABLES USED    
   316                                                      # OF STATIONS       
    32                                                      # OF SATELLITES     
  6371.0                                                    BASE RADIUS         
     2                                                      MAP DIMENSION       
   450.0 450.0   0.0                                        HGT1 / HGT2 / DHGT  
    87.5 -87.5  -2.5                                        LAT1 / LAT2 / DLAT  
  -180.0 180.0   5.0                                        LON1 / LON2 / DLON  
    -1                                                      EXPONENT            
TEC values in 0.1 tec units;  9999, if no value available   COMMENT             
DCB values in nanoseconds, reference is Sum_of_SatDCBs = 0  COMMENT             
                                                            END OF HEADER       
[from data line 1716]
     5                                                      START OF TEC MAP    
  2015     6    11     8     0     0                        EPOCH OF CURRENT MAP
    87.5-180.0 180.0   5.0 450.0                            LAT/LON1/LON2/DLON/H
  197  197  198  198  198  199  200  200  201  201  202  203  203  204  204  204
  205  205  206  206  206  206  206  207  207  207  207  207  208  207  207  207
  207  208  207  207  207  207  207  207  206  206  206  206  206  205  205  205
  204  204  203  203  202  202  201  201  200  199  199  199  198  197  197  197
  196  196  196  196  196  196  196  196  197
    85.0-180.0 180.0   5.0 450.0                            LAT/LON1/LON2/DLON/H
  188  189  190  191  192  193  195  196  197  198  199  200  201  202  202  203
  204  205  205  205  205  206  206  206  206  206  206  206  206  206  206  205
  205  205  205  205  206  206  206  205  206  206  207  207  207  207  207  207
  207  207  206  205  205  203  202  200  199  198  195  194  192  191  190  189
  188  187  187  186  186  187  187  188  188
    82.5-180.0 180.0   5.0 450.0                            LAT/LON1/LON2/DLON/H
  180  181  183  185  185  187  189  190  192  193  194  195  196  196  197  198
  198  199  199  199  200  200  200  200  200  200  200  200  199  199  199  199
  199  198  199  199  199  199  200  201  202  204  205  206  208  209  211  212
  212  213  213  212  211  209  207  205  202  200  197  194  191  188  186  183
  181  180  179  178  178  178  178  179  180
    80.0-180.0 180.0   5.0 450.0                            LAT/LON1/LON2/DLON/H
  175  175  177  179  180  182  183  184  185  187  187  187  188  188  189  189
  189  189  189  189  190  190  190  190  190  190  190  190  190  190  189  189
  189  189  189  190  190  191  193  194  197  200  202  206  209  212  215  218
  221  222  223  222  221  220  217  214  211  207  203  199  195  191  187  183
  180  178  176  174  173  173  173  174  175
    77.5-180.0 180.0   5.0 450.0                            LAT/LON1/LON2/DLON/H
  173  173  174  175  176  177  178  179  180  180  180  179  179  179  178  177
  177  177  177  178  178  178  178  178  178  178  178  179  178  178  178  178
  179  179  180  180  182  184  186  189  192  196  200  206  211  217  222  226
  230  233  234  234  234  232  229  226  222  218  213  208  203  199  194  190
  186  182  180  177  175  173  173  173  173
    75.0-180.0 180.0   5.0 450.0                            LAT/LON1/LON2/DLON/H
  175  174  174  173  173  174  175  175  175  175  174  172  171  169  168  166
  166  165  165  165  166  166  166  166  166  166  166  167  167  168  169  170
  171  172  173  174  175  178  181  184  188  194  201  208  215  222  229  235
  239  243  245  245  244  242  239  236  232  228  223  219  215  211  206  202
  197  193  190  186  183  180  178  176  175
    72.5-180.0 180.0   5.0 450.0                            LAT/LON1/LON2/DLON/H
  180  176  174  172  172  171  171  171  171  170  168  166  163  161  158  156
  155  155  155  156  157  157  157  157  156  156  156  157  158  159  161  164
  166  168  169  172  173  176  179  183  188  195  204  212  221  229  237  243
  248  251  252  251  249  246  243  240  237  234  232  229  227  224  221  217
  213  209  205  200  196  191  187  183  180
    70.0-180.0 180.0   5.0 450.0                            LAT/LON1/LON2/DLON/H
  185  180  175  171  168  167  166  166  165  164  162  159  156  152  150  148
  147  147  148  149  150  150  149  149  148  147  147  147  149  153  157  161
  164  167  170  172  175  177  181  186  192  200  209  218  228  237  245  250
  254  255  255  252  248  244  241  238  237  235  235  235  235  235  234  232
  228  225  221  216  210  204  198  192  185
    67.5-180.0 180.0   5.0 450.0                            LAT/LON1/LON2/DLON/H
  191  182  174  168  163  161  159  158  158  157  155  152  149  146  143  142
  142  142  144  144  145  145  145  143  142  140  140  141  143  147  153  159
  165  170  174  176  179  181  186  190  198  206  216  227  236  245  252  255
  257  256  252  247  241  236  233  230  230  231  234  237  240  243  243  243
  242  239  235  230  224  217  208  200  191
    65.0-180.0 180.0   5.0 450.0                            LAT/LON1/LON2/DLON/H
  196  185  173  164  157  152  149  148  148  147  146  144  141  139  137  137
  137  138  139  140  140  140  139  138  136  135  134  135  138  144  151  159
  167  174  178  182  185  188  192  197  205  215  225  235  245  253  258  260
  258  254  247  240  232  226  222  221  222  225  230  236  241  245  248  249
  249  247  244  240  235  227  218  207  196
    62.5-180.0 180.0   5.0 450.0                            LAT/LON1/LON2/DLON/H
  202  188  175  162  152  144  139  136  136  135  134  134  133  132  131  131
  133  134  134  134  134  134  133  131  130  129  128  130  135  142  151  162
  171  179  184  188  191  194  198  204  213  223  234  244  254  261  263  263
  259  252  244  234  225  219  215  214  216  221  227  233  239  245  248  249
  249  249  248  245  241  235  226  215  202
    60.0-180.0 180.0   5.0 450.0                            LAT/LON1/LON2/DLON/H
  211  197  181  165  151  140  131  126  124  123  123  124  124  124  125  126
  126  127  127  126  125  125  125  124  123  123  124  127  134  144  155  166
  177  185  190  193  197  200  205  212  221  231  242  252  262  267  269  266
  261  253  244  234  226  219  216  215  218  222  228  233  238  242  244  245
  245  245  245  245  244  240  233  224  211
    57.5-180.0 180.0   5.0 450.0                            LAT/LON1/LON2/DLON/H
  225  212  195  177  159  143  130  121  116  114  113  114  115  116  118  119
  118  118  116  115  114  114  114  115  116  117  121  127  136  149  162  175
  185  192  196  199  202  205  211  219  228  239  250  261  269  273  274  272
  266  259  250  243  235  230  228  227  229  231  234  237  238  239  239  238
  237  238  240  242  244  244  241  235  225
    55.0-180.0 180.0   5.0 450.0                            LAT/LON1/LON2/DLON/H
  242  231  216  197  176  155  137  123  114  109  107  107  108  109  111  111
  110  107  105  103  102  102  104  106  109  113  120  130  143  158  173  185
  194  200  203  204  206  210  217  225  236  247  259  268  276  281  282  280
  276  271  265  259  254  251  249  249  248  247  246  245  242  238  234  231
  229  231  234  239  244  249  250  249  242
    52.5-180.0 180.0   5.0 450.0                            LAT/LON1/LON2/DLON/H
  261  254  241  223  200  175  151  133  120  111  106  104  104  105  105  104
  101   98   94   92   91   92   94   99  104  111  121  136  152  171  187  199
  207  211  211  211  212  215  222  233  244  256  268  278  286  290  292  291
  290  288  285  282  280  279  277  276  273  268  262  255  247  239  231  226
  224  226  231  238  247  254  260  263  261
    50.0-180.0 180.0   5.0 450.0                            LAT/LON1/LON2/DLON/H
  278  274  264  248  225  198  172  149  131  118  110  105  103  102  102  100
   96   91   87   84   84   86   89   94  102  112  126  144  165  186  204  216
  221  222  220  217  217  221  229  241  254  266  278  289  297  302  305  306
  307  308  309  309  308  306  305  301  296  288  278  266  255  243  232  227
  224  226  232  240  250  260  269  276  278
    47.5-180.0 180.0   5.0 450.0                            LAT/LON1/LON2/DLON/H
  288  287  280  267  245  218  190  165  145  130  119  111  106  104  101   99
   94   89   84   82   82   84   88   94  103  116  133  155  180  203  221  232
  235  234  228  223  222  227  237  250  264  278  292  303  312  318  322  324
  327  330  334  335  334  332  327  321  313  302  290  277  263  250  239  232
  231  233  239  247  257  267  277  284  288
    45.0-180.0 180.0   5.0 450.0                            LAT/LON1/LON2/DLON/H
  290  291  285  274  255  231  205  180  161  144  132  121  114  109  105  101
   97   92   88   86   85   88   92   98  107  122  142  168  196  220  239  248
  249  244  237  230  229  235  246  259  275  290  306  320  331  337  341  344
  348  353  356  358  355  349  342  333  322  311  298  285  271  259  249  243
  242  245  250  257  265  274  281  287  290
    42.5-180.0 180.0   5.0 450.0                            LAT/LON1/LON2/DLON/H
  285  284  280  271  254  234  211  190  172  157  144  134  124  117  111  107
  103  100   97   95   95   96   99  105  114  129  151  180  211  237  255  262
  261  254  244  237  236  242  254  270  286  303  321  338  351  358  363  366
  370  375  378  378  373  363  350  337  326  314  304  295  284  273  265  261
  260  262  266  270  276  280  283  285  285
    40.0-180.0 180.0   5.0 450.0                            LAT/LON1/LON2/DLON/H
  278  274  268  259  245  227  209  192  179  168  156  146  135  127  120  115
  113  111  109  108  107  108  111  114  122  137  161  192  225  251  267  273
  269  260  250  243  243  250  263  279  297  316  337  357  372  381  385  388
  392  396  400  399  392  378  361  345  332  323  316  309  302  294  287  284
  282  283  284  286  287  286  284  281  278
    37.5-180.0 180.0   5.0 450.0                            LAT/LON1/LON2/DLON/H
  270  263  255  245  233  217  202  190  181  174  166  158  148  139  131  126
  125  123  123  122  122  122  123  126  133  147  172  203  236  262  276  279
  273  264  253  248  249  258  271  288  306  327  351  374  392  403  407  410
  414  420  425  427  420  403  383  365  352  344  339  335  329  324  316  311
  308  306  305  303  300  294  287  278  270
    35.0-180.0 180.0   5.0 450.0                            LAT/LON1/LON2/DLON/H
  270  259  249  237  224  210  197  188  183  179  175  169  161  151  143  138
  135  135  136  136  136  136  137  139  144  158  182  213  245  269  280  281
  274  264  256  252  256  265  280  297  316  338  363  389  409  422  428  432
  438  447  457  464  460  446  425  406  393  386  381  376  370  363  353  344
  336  331  326  322  315  306  293  281  270
    32.5-180.0 180.0   5.0 450.0                            LAT/LON1/LON2/DLON/H
  278  266  253  240  225  211  198  190  186  184  183  180  174  165  156  149
  147  146  148  149  150  150  150  153  159  171  193  222  250  270  280  280
  272  263  257  256  263  275  290  306  325  348  374  401  424  439  448  454
  464  478  496  512  517  508  491  473  460  451  443  435  425  411  396  380
  367  357  350  344  336  323  308  293  278
    30.0-180.0 180.0   5.0 450.0                            LAT/LON1/LON2/DLON/H
  298  285  271  256  240  223  209  199  195  193  193  192  189  180  170  162
  158  157  159  161  163  164  166  170  175  186  204  228  251  268  276  276
  269  262  259  263  272  285  300  317  335  358  384  411  436  454  465  476
  491  513  541  570  587  587  574  558  545  533  520  505  488  468  444  420
  398  385  376  369  360  347  331  314  298
    27.5-180.0 180.0   5.0 450.0                            LAT/LON1/LON2/DLON/H
  327  313  298  283  266  248  232  219  211  208  207  207  204  197  186  177
  171  169  171  174  176  179  183  188  194  201  215  231  248  261  269  270
  266  263  264  272  283  298  313  329  346  368  393  420  445  466  483  498
  519  548  586  628  657  667  660  646  631  616  597  575  551  524  491  458
  431  413  404  398  390  378  361  342  327
    25.0-180.0 180.0   5.0 450.0                            LAT/LON1/LON2/DLON/H
  360  346  333  318  301  281  264  248  237  228  225  225  223  217  206  195
  188  185  185  188  191  194  200  206  212  217  223  232  241  250  258  262
  264  265  271  282  295  311  326  342  359  379  402  428  453  477  498  519
  544  578  624  675  714  730  727  715  700  683  661  634  605  572  534  493
  461  442  432  428  421  410  394  375  360
    22.5-180.0 180.0   5.0 450.0                            LAT/LON1/LON2/DLON/H
  389  377  366  354  338  319  300  282  266  254  247  245  244  238  227  216
  207  202  203  204  207  209  216  223  228  229  228  228  229  236  245  255
  262  269  279  293  309  325  340  356  373  391  411  435  461  487  512  537
  564  599  646  700  744  763  761  751  737  719  698  671  641  606  565  522
  488  468  460  456  452  441  422  403  389
    20.0-180.0 180.0   5.0 450.0                            LAT/LON1/LON2/DLON/H
  408  398  391  384  371  354  335  315  297  282  271  267  265  259  249  237
  228  223  221  221  221  223  229  236  240  236  228  219  214  218  230  245
  260  273  288  304  320  337  353  369  386  404  421  443  468  497  525  551
  576  607  649  698  737  753  752  741  731  718  702  681  655  623  583  542
  510  492  485  481  476  463  442  422  408
    17.5-180.0 180.0   5.0 450.0                            LAT/LON1/LON2/DLON/H
  412  407  405  402  394  381  364  344  324  306  293  288  285  279  269  258
  248  242  239  236  233  233  237  244  245  237  222  205  195  198  214  236
  257  276  294  312  331  348  363  380  398  415  431  451  477  507  537  561
  581  603  634  671  699  709  705  698  692  688  681  670  651  625  591  556
  529  513  505  500  492  474  448  425  412
    15.0-180.0 180.0   5.0 450.0                            LAT/LON1/LON2/DLON/H
  401  401  404  408  407  398  383  365  345  327  312  304  299  294  285  274
  264  258  252  247  240  238  240  245  243  231  211  189  175  178  198  226
  253  276  297  317  337  354  370  386  405  422  438  458  486  518  546  567
  580  591  609  632  647  649  644  641  642  646  649  646  636  617  592  565
  545  531  522  513  499  473  439  413  401
    12.5-180.0 180.0   5.0 450.0                            LAT/LON1/LON2/DLON/H
  382  384  393  403  408  405  392  375  357  338  324  314  308  302  293  283
  275  267  260  251  242  236  236  238  234  219  195  170  155  160  184  217
  248  274  296  318  338  355  370  387  406  423  441  463  493  528  556  572
  579  582  589  597  600  595  591  593  601  612  620  623  619  608  590  573
  558  547  537  523  500  465  423  392  382
    10.0-180.0 180.0   5.0 450.0                            LAT/LON1/LON2/DLON/H
  364  368  380  393  404  405  394  376  359  343  327  317  310  302  294  285
  277  268  259  248  237  229  227  226  218  202  177  153  138  146  173  208
  242  269  293  315  335  352  365  381  399  418  438  463  497  534  562  577
  582  582  583  582  576  570  570  579  592  605  611  612  610  603  591  579
  569  560  548  530  501  457  409  374  364
     7.5-180.0 180.0   5.0 450.0                            LAT/LON1/LON2/DLON/H
  358  363  374  388  401  403  391  372  355  340  325  314  305  297  289  280
  272  263  252  239  227  218  213  208  199  182  158  136  125  134  163  200
  235  262  286  308  327  342  353  367  385  404  428  456  493  533  564  581
  590  597  601  598  590  586  592  608  624  632  626  616  609  603  594  584
  577  570  557  535  503  457  407  370  358
     5.0-180.0 180.0   5.0 450.0                            LAT/LON1/LON2/DLON/H
  374  375  382  394  406  406  389  365  346  332  319  306  295  288  280  271
  263  252  240  226  213  203  196  189  178  161  141  122  115  127  155  192
  226  254  276  297  315  327  336  348  364  385  411  441  481  523  558  583
  604  624  637  640  635  637  651  673  688  683  660  631  614  605  596  585
  579  573  562  540  510  469  422  387  374
     2.5-180.0 180.0   5.0 450.0                            LAT/LON1/LON2/DLON/H
  411  407  408  414  422  417  392  360  338  325  311  296  285  276  269  260
  251  239  226  211  198  188  178  169  157  142  125  112  109  122  150  185
  217  243  264  283  299  309  317  326  342  362  387  419  458  502  542  578
  615  651  680  693  696  706  729  754  763  744  697  648  618  603  591  578
  572  567  558  540  517  490  456  427  411
