data/corinthe/IONEX/igsg1640.15i
     1.0            IONOSPHERE MAPS     MIX                 IONEX VERSION / TYPE
cmpcmb v1.2          GRL/UWM            29-jun-15 23:09     PGM / RUN BY / DATE 
ionex file containing IGS COMBINED Ionosphere maps          COMMENT             
global ionosphere maps for day 164, 2015                    DESCRIPTION         
IONEX file containing the COMBINED IGS TEC MAPS and DCBs    DESCRIPTION         
      IONEX files of the following IAACs were combined: cod DESCRIPTION         
                                                        jpl DESCRIPTION         
Contact address: Andrzej Krankowski                         DESCRIPTION
                 Geodynamics Research Laboratory            DESCRIPTION
                 University of Warmia and Mazury (GRL/UWM)  DESCRIPTION
                 Oczapowski St. 1                           DESCRIPTION
                 10-957-Olsztyn, POLAND                     DESCRIPTION
                 e-mail:  kand@uwm.edu.pl                   DESCRIPTION
                                                            DESCRIPTION         
  2015     6    13     0     0     0                        EPOCH OF FIRST MAP  
  2015     6    14     0     0     0                        EPOCH OF LAST MAP   
  7200                                                      INTERVAL            
    13                                                      # OF MAPS IN FILE   
  COSZ                                                      MAPPING FUNCTION    
     0.0                                                    ELEVATION CUTOFF    
combined TEC calculated as weighted mean of input TEC valuesOBSERVABLES USED    
   318                                                      # OF STATIONS       
    32                                                      # OF SATELLITES     
  6371.0                                                    BASE RADIUS         
     2                                                      MAP DIMENSION       
   450.0 450.0   0.0                                        HGT1 / HGT2 / DHGT  
    87.5 -87.5  -2.5                                        LAT1 / LAT2 / DLAT  
  -180.0 180.0   5.0                                        LON1 / LON2 / DLON  
    -1                                                      EXPONENT            
TEC values in 0.1 tec units;  9999, if no value available   COMMENT             
DCB values in nanoseconds, reference is Sum_of_SatDCBs = 0  COMMENT             
                                                            END OF HEADER       
[from data line 4719]
    12                                                      START OF TEC MAP    
  2015     6    13    22     0     0                        EPOCH OF CURRENT MAP
    87.5-180.0 180.0   5.0 450.0                            LAT/LON1/LON2/DLON/H
  178  178  178  178  178  179  179  179  180  180  180  180  180  180  180  180
  180  180  180  180  179  179  179  178  178  177  177  176  176  175  174  174
  173  173  172  172  171  171  171  170  170  170  170  170  170  170  171  171
  171  171  171  172  173  173  173  174  174  174  175  175  176  176  176  176
  177  177  177  177  177  177  177  178  178
    85.0-180.0 180.0   5.0 450.0                            LAT/LON1/LON2/DLON/H
  181  181  182  183  183  184  184  184  185  185  186  186  187  187  187  188
  188  188  188  187  187  187  186  186  184  183  182  181  180  178  177  175
  174  173  171  170  169  168  167  166  166  166  166  166  166  167  168  169
  169  171  171  173  174  175  176  176  177  178  178  180  180  180  180  180
  180  181  181  181  180  181  181  181  181
    82.5-180.0 180.0   5.0 450.0                            LAT/LON1/LON2/DLON/H
  183  183  184  185  185  186  187  188  190  191  192  193  194  195  196  196
  197  197  197  197  196  196  194  194  192  191  190  188  186  183  181  179
  177  175  172  170  168  167  165  164  164  163  163  164  164  165  167  168
  170  172  174  176  177  179  180  182  183  184  184  185  185  185  185  184
  184  184  184  183  183  183  182  183  183
    80.0-180.0 180.0   5.0 450.0                            LAT/LON1/LON2/DLON/H
  182  183  184  185  186  188  189  191  193  195  197  199  200  202  203  204
  205  205  205  204  204  203  202  201  200  198  196  194  191  189  187  184
  182  178  175  173  170  167  165  164  163  162  162  162  164  166  168  171
  173  176  178  181  183  185  187  188  188  189  190  190  190  189  188  187
  186  185  184  184  183  183  182  182  182
    77.5-180.0 180.0   5.0 450.0                            LAT/LON1/LON2/DLON/H
  179  180  182  183  184  187  190  192  194  198  200  203  205  207  209  210
  211  211  211  211  210  209  207  205  204  202  200  198  195  193  191  188
  185  182  179  176  173  170  168  165  164  163  163  164  166  169  172  175
  178  181  184  186  189  190  192  193  193  194  193  193  192  191  189  188
  186  185  183  181  180  180  179  179  179
    75.0-180.0 180.0   5.0 450.0                            LAT/LON1/LON2/DLON/H
  175  176  178  180  183  186  189  192  196  200  204  207  210  212  214  215
  216  216  215  214  213  210  209  206  204  202  200  197  195  193  191  189
  187  185  183  180  177  173  171  168  167  166  167  168  170  173  177  180
  184  187  190  192  193  194  195  195  195  195  195  194  193  191  189  187
  185  183  180  178  176  175  175  174  175
    72.5-180.0 180.0   5.0 450.0                            LAT/LON1/LON2/DLON/H
  172  173  176  178  181  185  189  193  198  202  206  210  213  215  217  217
  218  218  216  215  213  210  208  205  201  198  196  194  192  191  190  188
  187  186  185  182  181  177  175  172  170  170  170  173  175  179  183  187
  190  193  195  196  196  197  196  196  195  195  195  194  193  191  189  186
  183  180  177  174  172  170  170  170  172
    70.0-180.0 180.0   5.0 450.0                            LAT/LON1/LON2/DLON/H
  170  173  176  180  183  187  191  195  200  205  209  213  216  218  219  219
  218  217  217  214  212  209  206  202  198  194  191  189  187  187  186  187
  187  187  186  185  183  182  179  177  175  175  176  178  181  185  189  193
  196  198  198  199  198  197  196  195  195  194  194  194  193  192  190  186
  183  179  175  172  169  168  168  169  170
    67.5-180.0 180.0   5.0 450.0                            LAT/LON1/LON2/DLON/H
  174  178  181  185  188  192  195  199  203  207  211  215  217  219  219  218
  218  217  216  214  212  209  205  201  196  191  187  185  183  184  184  185
  187  187  189  188  188  186  184  182  181  180  181  184  187  190  194  197
  199  200  200  199  198  196  195  194  194  195  196  196  196  195  193  190
  186  181  177  173  170  169  170  172  174
    65.0-180.0 180.0   5.0 450.0                            LAT/LON1/LON2/DLON/H
  183  187  191  194  197  199  202  205  207  210  213  216  218  219  219  218
  217  216  216  215  214  210  207  202  196  191  187  184  183  183  184  186
  188  190  192  193  193  193  191  189  187  187  188  189  192  194  196  198
  199  198  198  197  195  194  193  193  195  197  199  201  202  201  199  196
  192  187  182  177  175  175  176  179  183
    62.5-180.0 180.0   5.0 450.0                            LAT/LON1/LON2/DLON/H
  196  201  205  208  210  211  211  211  212  213  215  216  218  219  218  218
  218  217  217  217  216  214  211  205  201  195  190  187  186  186  188  190
  192  195  198  199  200  200  198  197  196  195  195  196  197  197  197  196
  194  194  192  192  191  191  192  194  197  201  205  208  210  210  208  205
  200  194  189  185  183  184  186  191  196
    60.0-180.0 180.0   5.0 450.0                            LAT/LON1/LON2/DLON/H
  211  217  221  224  225  224  223  220  218  217  217  218  220  221  220  220
  219  219  219  219  219  218  215  212  207  202  198  194  193  193  195  197
  200  202  204  206  207  207  207  206  205  204  204  203  202  199  196  191
  188  186  185  186  186  188  191  196  201  208  213  217  219  219  217  214
  209  203  198  195  193  195  199  205  211
    57.5-180.0 180.0   5.0 450.0                            LAT/LON1/LON2/DLON/H
  226  233  239  241  241  240  236  231  227  223  222  222  223  224  224  224
  223  222  222  221  222  221  220  217  213  210  206  204  203  203  205  206
  209  211  213  214  214  214  214  214  213  213  213  211  208  201  193  185
  180  177  176  178  182  186  191  199  207  215  222  226  227  227  224  221
  216  211  206  204  203  205  210  219  226
    55.0-180.0 180.0   5.0 450.0                            LAT/LON1/LON2/DLON/H
  239  248  254  257  259  257  253  246  239  233  229  229  229  231  231  231
  230  227  225  224  223  223  223  222  219  216  214  213  214  214  215  216
  217  219  220  221  221  221  221  221  221  222  221  219  213  203  192  180
  172  168  169  172  177  183  192  201  212  222  229  232  233  231  227  224
  221  217  213  211  210  214  221  230  239
    52.5-180.0 180.0   5.0 450.0                            LAT/LON1/LON2/DLON/H
  249  259  267  273  275  275  271  264  256  248  242  239  239  240  241  240
  238  234  229  226  225  224  225  223  222  220  220  221  222  223  223  224
  224  226  226  228  227  226  225  226  227  228  228  225  217  205  190  177
  167  163  163  167  173  181  191  203  217  228  235  237  236  232  229  226
  224  222  220  218  217  221  228  238  249
    50.0-180.0 180.0   5.0 450.0                            LAT/LON1/LON2/DLON/H
  257  269  278  286  291  293  292  286  277  268  259  254  253  253  252  251
  248  241  235  230  227  226  225  224  223  222  224  226  227  228  228  228
  229  230  232  234  233  231  230  230  232  233  234  230  221  207  191  176
  165  161  161  165  171  179  190  204  219  231  238  241  238  234  230  227
  227  227  227  225  224  227  235  245  257
    47.5-180.0 180.0   5.0 450.0                            LAT/LON1/LON2/DLON/H
  265  277  287  297  305  311  313  310  303  292  282  274  269  268  266  264
  258  251  243  237  233  230  227  225  223  223  225  227  229  230  229  229
  230  233  237  240  241  239  238  237  238  239  238  234  224  210  194  179
  169  164  164  166  170  177  188  203  219  232  242  244  241  235  232  232
  234  236  237  235  233  235  242  253  265
    45.0-180.0 180.0   5.0 450.0                            LAT/LON1/LON2/DLON/H
  275  286  296  307  318  328  334  334  329  319  307  298  291  286  282  276
  269  261  253  247  242  238  233  229  226  225  226  228  229  228  227  227
  230  235  243  249  252  250  248  247  247  246  244  238  228  215  200  187
  177  172  171  170  171  176  185  199  216  233  244  249  247  241  239  240
  245  249  251  249  246  247  253  264  275
    42.5-180.0 180.0   5.0 450.0                            LAT/LON1/LON2/DLON/H
  290  298  307  317  330  342  352  356  354  347  337  326  316  308  300  290
  281  273  268  263  258  251  245  238  233  231  231  231  229  227  226  227
  232  241  251  261  266  266  265  262  260  257  252  246  236  223  210  198
  189  184  181  178  175  176  183  196  214  233  248  256  256  253  251  254
  260  267  270  268  265  265  270  280  290
    40.0-180.0 180.0   5.0 450.0                            LAT/LON1/LON2/DLON/H
  309  316  323  332  344  357  368  375  378  376  368  358  347  334  321  308
  296  288  284  282  278  271  263  254  248  243  241  239  235  231  229  230
  237  248  262  275  283  286  285  282  278  273  265  257  246  235  223  213
  206  200  194  188  182  179  182  193  210  232  251  264  268  267  267  272
  280  287  290  290  287  288  293  301  309
    37.5-180.0 180.0   5.0 450.0                            LAT/LON1/LON2/DLON/H
  334  340  345  352  362  373  383  393  401  405  403  395  383  367  347  328
  313  306  305  305  303  296  287  278  270  264  259  253  247  240  237  240
  247  260  275  290  301  306  307  305  300  293  284  274  263  252  241  233
  225  217  208  198  189  182  181  189  206  229  253  270  279  282  284  290
  298  307  311  312  311  313  318  327  334
    35.0-180.0 180.0   5.0 450.0                            LAT/LON1/LON2/DLON/H
  361  368  373  378  384  391  400  411  424  434  440  437  426  406  380  355
  336  327  328  331  330  326  318  309  301  293  285  276  265  256  253  255
  263  274  288  302  315  322  325  325  323  315  306  294  282  270  260  252
  243  232  220  208  195  186  181  186  200  223  250  273  287  294  298  305
  314  322  327  330  332  336  344  353  361
    32.5-180.0 180.0   5.0 450.0                            LAT/LON1/LON2/DLON/H
  388  399  406  411  414  416  421  431  448  466  479  483  473  449  418  386
  363  354  355  359  362  359  353  345  338  328  317  304  289  278  272  274
  279  287  296  309  321  330  336  340  341  337  328  315  301  288  276  266
  255  242  228  213  199  189  181  182  192  213  242  269  287  299  307  314
  323  330  336  341  346  354  365  377  388
    30.0-180.0 180.0   5.0 450.0                            LAT/LON1/LON2/DLON/H
  412  427  440  446  447  446  447  456  475  499  520  530  522  497  460  423
  396  384  385  391  395  394  390  384  376  366  351  333  314  300  292  291
  292  294  298  306  316  327  336  346  352  352  344  330  315  299  285  274
  260  245  228  213  199  188  180  176  182  199  227  257  281  297  308  317
  326  331  337  343  352  364  378  395  412
    27.5-180.0 180.0   5.0 450.0                            LAT/LON1/LON2/DLON/H
  428  450  469  479  482  478  476  483  505  535  562  577  572  545  506  464
  434  420  420  426  430  430  427  421  413  400  380  358  336  318  307  303
  299  294  291  294  301  311  325  339  351  356  349  336  318  300  284  269
  254  237  221  206  195  186  176  169  170  183  208  238  267  289  304  315
  323  328  332  338  349  364  383  404  428
    25.0-180.0 180.0   5.0 450.0                            LAT/LON1/LON2/DLON/H
  436  466  490  506  512  510  507  514  537  570  601  620  618  592  552  509
  477  461  460  465  468  466  461  453  443  425  401  374  348  328  314  305
  296  285  277  274  278  289  305  324  339  346  341  326  307  288  271  256
  240  222  207  195  187  180  170  161  157  165  186  217  250  276  295  309
  319  324  326  331  341  358  380  407  436
    22.5-180.0 180.0   5.0 450.0                            LAT/LON1/LON2/DLON/H
  438  471  501  522  533  536  535  543  566  602  635  658  658  635  596  555
  523  508  505  508  508  502  490  478  462  439  410  378  350  328  311  298
  285  271  259  253  254  265  282  301  317  324  318  304  284  265  248  233
  218  203  189  180  175  171  163  152  144  147  164  196  231  263  287  305
  316  322  323  326  335  351  374  405  438
    20.0-180.0 180.0   5.0 450.0                            LAT/LON1/LON2/DLON/H
  437  471  502  527  545  553  556  567  591  626  660  685  689  670  635  599
  570  556  553  553  548  535  514  492  469  439  405  371  341  318  301  286
  270  255  243  235  236  245  261  278  290  293  287  271  253  235  220  207
  194  181  170  164  162  160  153  142  132  132  147  177  214  249  280  303
  318  326  327  329  335  349  372  402  437
    17.5-180.0 180.0   5.0 450.0                            LAT/LON1/LON2/DLON/H
  436  468  498  524  546  560  569  582  606  639  673  699  706  693  666  636
  613  601  599  596  586  563  532  499  466  430  391  354  326  304  287  271
  257  244  234  227  227  235  247  259  265  262  251  236  220  205  192  182
  172  162  153  148  148  147  142  132  122  120  133  162  200  240  275  304
  324  336  340  341  345  355  375  404  436
    15.0-180.0 180.0   5.0 450.0                            LAT/LON1/LON2/DLON/H
  439  466  492  517  540  558  572  587  610  639  671  696  708  703  686  665
  648  640  638  632  616  585  542  498  458  416  375  337  309  290  274  260
  250  241  235  232  232  237  245  249  247  236  222  206  193  181  172  163
  155  147  139  135  135  135  131  122  114  112  124  151  190  232  272  306
  332  349  358  361  364  370  386  411  439
    12.5-180.0 180.0   5.0 450.0                            LAT/LON1/LON2/DLON/H
  449  470  490  510  531  551  568  585  605  629  656  680  696  699  692  681
  671  667  664  656  634  596  546  494  448  403  360  322  296  279  266  256
  250  248  248  247  247  251  255  253  241  222  203  189  177  167  159  152
  144  136  129  124  123  123  120  113  108  108  119  145  182  226  270  309
  341  363  378  385  388  393  405  426  449
    10.0-180.0 180.0   5.0 450.0                            LAT/LON1/LON2/DLON/H
  464  480  494  508  526  545  562  577  594  613  634  656  673  684  686  683
  680  678  674  663  636  595  542  488  439  394  351  316  291  275  265  259
  258  261  265  266  268  271  274  267  248  222  199  183  173  164  156  148
  139  130  121  115  114  113  111  106  103  105  116  140  176  221  267  310
  345  373  394  407  414  419  428  445  464
     7.5-180.0 180.0   5.0 450.0                            LAT/LON1/LON2/DLON/H
  482  496  505  514  527  543  558  570  581  594  610  629  647  662  670  673
  673  673  667  651  624  582  531  480  434  391  351  317  292  278  270  267
  270  276  281  284  287  293  296  288  264  233  206  189  178  170  160  149
  137  126  116  108  106  105  103  100   98  102  114  136  170  215  263  306
  343  376  403  422  435  442  451  466  482
     5.0-180.0 180.0   5.0 450.0                            LAT/LON1/LON2/DLON/H
  501  514  522  528  537  550  562  568  573  580  591  605  620  635  647  653
  655  654  645  626  598  560  516  472  432  394  356  323  298  284  277  276
  281  288  292  294  298  307  315  307  282  247  218  199  189  179  167  152
  136  122  109  101   97   97   94   92   93   99  111  132  165  208  256  299
  337  371  402  429  447  460  470  484  501
     2.5-180.0 180.0   5.0 450.0                            LAT/LON1/LON2/DLON/H
  516  532  543  551  558  566  573  573  572  574  581  588  598  610  620  626
  628  625  613  593  566  534  498  464  431  398  363  330  304  288  282  282
  287  292  291  289  295  309  321  316  291  257  226  208  196  186  172  153
  133  116  101   92   89   88   86   84   86   93  106  126  158  201  248  289
  325  359  394  426  452  468  482  497  516
