data/corinthe/IONEX/igsg1640.15i
     1.0            IONOSPHERE MAPS     MIX                 IONEX VERSION / TYPE
cmpcmb v1.2          GRL/UWM            29-jun-15 23:09     PGM / RUN BY / DATE 
ionex file containing IGS COMBINED Ionosphere maps          COMMENT             
global ionosphere maps for day 164, 2015                    DESCRIPTION         
IONEX file containing the COMBINED IGS TEC MAPS and DCBs    DESCRIPTION         
      IONEX files of the following IAACs were combined: cod DESCRIPTION         
                                                        jpl DESCRIPTION         
Contact address: Andrzej Krankowski                         DESCRIPTION
                 Geodynamics Research Laboratory            DESCRIPTION
                 University of Warmia and Mazury (GRL/UWM)  DESCRIPTION
                 Oczapowski St. 1                           DESCRIPTION
                 10-957-Olsztyn, POLAND                     DESCRIPTION
                 e-mail:  kand@uwm.edu.pl                   DESCRIPTION
                                                            DESCRIPTION         
  2015     6    13     0     0     0                        EPOCH OF FIRST MAP  
  2015     6    14     0     0     0                        EPOCH OF LAST MAP   
  7200                                                      INTERVAL            
    13                                                      # OF MAPS IN FILE   
  COSZ                                                      MAPPING FUNCTION    
     0.0                                                    ELEVATION CUTOFF    
combined TEC calculated as weighted mean of input TEC valuesOBSERVABLES USED    
   318                                                      # OF STATIONS       
    32                                                      # OF SATELLITES     
  6371.0                                                    BASE RADIUS         
     2                                                      MAP DIMENSION       
   450.0 450.0   0.0                                        HGT1 / HGT2 / DHGT  
    87.5 -87.5  -2.5                                        LAT1 / LAT2 / DLAT  
  -180.0 180.0   5.0                                        LON1 / LON2 / DLON  
    -1                                                      EXPONENT            
TEC values in 0.1 tec units;  9999, if no value available   COMMENT             
DCB values in nanoseconds, reference is Sum_of_SatDCBs = 0  COMMENT             
                                                            END OF HEADER       
[from data line 858]
     3                                                      START OF TEC MAP    
  2015     6    13     4     0     0                        EPOCH OF CURRENT MAP
    87.5-180.0 180.0   5.0 450.0                            LAT/LON1/LON2/DLON/H
  217  218  218  219  219  220  219  220  220  220  221  221  221  222  222  222
  222  222  222  222  222  221  221  221  220  219  219  218  217  216  215  214
  214  213  212  212  211  211  210  209  209  209  208  209  209  209  209  209
  209  210  210  210  211  211  211  211  212  212  212  213  213  213  214  214
  214  215  215  215  216  216  216  216  217
    85.0-180.0 180.0   5.0 450.0                            LAT/LON1/LON2/DLON/H
  221  221  222  222  223  224  224  224  225  226  227  227  228  229  229  230
  230  231  231  231  230  229  229  228  227  225  223  221  219  217  215  214
  211  209  208  206  205  204  203  203  202  203  203  203  204  205  205  206
  207  208  209  210  211  212  212  213  214  215  215  216  216  217  217  217
  217  218  218  218  219  219  220  221  221
    82.5-180.0 180.0   5.0 450.0                            LAT/LON1/LON2/DLON/H
  225  226  226  226  226  227  227  227  227  228  229  230  231  232  233  234
  235  236  236  237  237  236  235  233  231  229  225  222  219  216  212  209
  206  203  200  198  197  195  195  195  195  196  198  199  202  204  206  208
  210  212  214  216  218  219  220  221  221  222  222  222  222  222  223  223
  223  223  223  223  224  224  225  225  225
    80.0-180.0 180.0   5.0 450.0                            LAT/LON1/LON2/DLON/H
  230  231  230  230  229  229  229  228  228  228  227  228  228  230  231  232
  234  235  237  237  237  237  236  234  231  227  223  219  214  210  205  201
  197  195  192  190  189  188  188  189  190  193  195  198  202  206  210  214
  217  221  224  226  228  229  230  231  231  231  231  230  230  230  229  229
  229  229  229  229  230  230  230  230  230
    77.5-180.0 180.0   5.0 450.0                            LAT/LON1/LON2/DLON/H
  234  234  234  233  232  231  230  228  227  226  224  223  223  223  224  225
  226  228  229  231  232  231  230  227  224  220  215  210  204  199  195  190
  187  185  183  182  183  183  184  187  189  193  197  202  207  212  218  223
  228  232  235  238  240  241  241  241  240  239  238  237  237  235  235  234
  233  233  233  234  233  234  234  234  234
    75.0-180.0 180.0   5.0 450.0                            LAT/LON1/LON2/DLON/H
  235  235  235  235  234  233  231  229  227  224  221  219  216  215  214  213
  214  215  216  218  219  219  217  214  210  206  200  195  189  185  182  179
  178  177  177  178  180  182  185  188  192  197  202  209  216  223  229  235
  240  244  248  250  251  251  250  249  247  245  243  241  239  238  237  235
  234  234  233  234  234  234  234  235  235
    72.5-180.0 180.0   5.0 450.0                            LAT/LON1/LON2/DLON/H
  232  233  234  234  235  234  232  230  227  223  219  214  209  205  201  199
  198  198  200  201  203  202  200  198  193  187  182  177  173  170  169  169
  171  173  176  179  182  186  189  193  198  204  211  219  226  235  242  248
  253  257  259  260  260  257  255  252  250  246  244  241  239  237  235  233
  232  230  230  229  229  229  230  231  232
    70.0-180.0 180.0   5.0 450.0                            LAT/LON1/LON2/DLON/H
  225  227  229  231  233  233  233  232  229  225  219  211  204  196  190  185
  182  182  183  184  185  184  183  179  174  169  163  159  156  156  159  163
  168  173  178  183  188  192  196  201  206  213  221  229  238  247  255  261
  266  268  268  267  265  261  257  252  248  244  241  238  235  233  230  228
  226  225  223  222  222  222  223  224  225
    67.5-180.0 180.0   5.0 450.0                            LAT/LON1/LON2/DLON/H
  217  219  222  225  228  231  232  232  229  225  219  210  201  191  182  175
  171  169  168  169  170  170  168  163  158  153  148  145  145  147  152  159
  167  176  184  190  196  201  205  209  215  221  229  239  249  257  266  272
  275  276  274  271  267  261  255  250  245  240  237  233  231  228  226  223
  221  218  216  215  213  213  214  215  217
    65.0-180.0 180.0   5.0 450.0                            LAT/LON1/LON2/DLON/H
  209  212  215  218  222  225  228  230  229  226  220  211  201  190  178  170
  164  161  160  161  161  160  157  153  148  142  138  137  138  142  150  159
  169  180  190  198  204  209  212  217  221  229  237  247  257  267  275  280
  282  282  278  273  266  260  253  247  241  237  234  230  227  225  222  221
  217  214  212  209  207  207  207  207  209
    62.5-180.0 180.0   5.0 450.0                            LAT/LON1/LON2/DLON/H
  205  207  209  212  216  220  223  226  226  225  221  213  203  192  181  171
  164  160  158  158  157  156  154  149  144  139  136  136  138  144  152  161
  172  183  193  202  208  214  218  221  226  233  241  252  263  273  281  286
  287  285  281  274  267  259  253  247  242  237  233  231  227  225  223  221
  218  215  212  209  206  204  203  204  205
    60.0-180.0 180.0   5.0 450.0                            LAT/LON1/LON2/DLON/H
  207  207  208  209  212  214  217  220  222  223  221  217  208  198  188  178
  170  165  162  161  160  158  155  151  146  143  141  142  145  151  158  165
  173  182  192  200  208  214  219  223  228  235  244  255  266  277  285  290
  291  288  284  277  270  263  257  251  246  242  238  235  232  230  227  225
  223  220  217  213  210  208  207  207  207
    57.5-180.0 180.0   5.0 450.0                            LAT/LON1/LON2/DLON/H
  215  214  212  211  211  212  214  216  219  221  223  220  215  208  199  189
  181  175  171  169  168  166  163  159  155  152  152  155  158  162  167  170
  174  179  185  194  203  210  216  222  227  235  244  256  268  279  288  293
  295  293  289  284  278  272  267  262  256  252  247  243  241  237  235  233
  231  228  225  222  220  218  217  216  215
    55.0-180.0 180.0   5.0 450.0                            LAT/LON1/LON2/DLON/H
  229  226  223  220  217  215  214  216  218  221  223  224  222  217  210  202
  193  187  183  180  179  177  174  171  168  167  168  171  175  177  177  175
  173  173  177  184  194  203  211  218  225  234  244  256  269  281  290  297
  300  300  298  295  292  287  282  277  272  266  260  255  251  247  244  242
  240  239  237  235  233  232  232  231  229
    52.5-180.0 180.0   5.0 450.0                            LAT/LON1/LON2/DLON/H
  247  245  240  235  230  225  222  220  220  223  226  229  228  226  220  213
  206  200  196  193  192  190  188  186  184  184  187  190  192  192  187  179
  171  166  166  172  182  193  204  215  224  233  244  257  271  284  296  304
  308  312  312  312  310  307  303  297  290  282  274  268  262  257  254  252
  251  251  250  250  249  249  249  249  247
    50.0-180.0 180.0   5.0 450.0                            LAT/LON1/LON2/DLON/H
  269  266  261  255  248  241  235  230  228  229  231  233  234  232  228  222
  216  210  207  205  204  203  202  201  201  202  205  207  208  205  196  183
  170  161  159  163  172  185  199  211  223  234  246  259  275  289  303  313
  320  326  329  331  331  330  324  318  308  299  289  282  274  268  263  261
  261  263  264  266  266  267  268  269  269
    47.5-180.0 180.0   5.0 450.0                            LAT/LON1/LON2/DLON/H
  291  289  284  278  270  262  253  246  241  239  239  239  239  237  232  226
  221  217  215  215  215  215  215  215  216  218  221  222  221  215  202  187
  172  161  156  158  167  179  196  211  225  237  250  264  281  297  313  326
  335  342  347  351  353  351  346  337  326  315  304  294  286  278  272  270
  271  275  280  283  285  286  288  290  291
    45.0-180.0 180.0   5.0 450.0                            LAT/LON1/LON2/DLON/H
  312  312  309  303  294  285  275  266  258  253  249  247  244  239  233  227
  222  219  219  221  223  224  226  227  228  230  232  232  229  220  206  190
  176  165  159  160  167  180  196  214  230  244  256  272  288  307  324  338
  350  359  365  370  373  371  365  355  342  330  319  309  299  290  283  280
  284  290  297  302  304  306  308  311  312
    42.5-180.0 180.0   5.0 450.0                            LAT/LON1/LON2/DLON/H
  335  336  333  327  319  309  298  288  279  271  264  258  250  242  233  225
  220  218  220  223  226  230  232  234  237  239  240  239  233  222  209  195
  183  174  170  169  173  185  201  220  238  253  265  279  297  317  336  352
  364  373  381  386  389  388  381  370  358  347  337  327  316  305  297  294
  298  307  316  323  327  329  331  334  335
    40.0-180.0 180.0   5.0 450.0                            LAT/LON1/LON2/DLON/H
  360  360  357  351  342  332  322  311  301  291  281  271  260  246  234  225
  219  217  219  223  227  232  235  240  244  246  246  243  236  225  212  201
  194  189  186  185  186  194  210  229  247  262  274  288  305  325  346  363
  376  384  392  398  402  402  395  386  376  367  359  350  339  326  316  313
  318  328  339  348  353  355  356  358  360
    37.5-180.0 180.0   5.0 450.0                            LAT/LON1/LON2/DLON/H
  388  387  382  374  365  354  344  334  324  313  301  287  272  255  240  228
  221  217  217  221  226  232  238  245  251  254  253  249  240  228  217  209
  207  208  206  204  202  205  219  238  256  271  283  296  312  332  353  370
  382  391  399  407  413  414  410  403  397  392  387  379  368  354  342  337
  341  353  366  377  383  386  387  388  388
    35.0-180.0 180.0   5.0 450.0                            LAT/LON1/LON2/DLON/H
  421  417  410  399  388  376  366  357  347  336  322  306  288  268  251  238
  228  221  218  219  225  232  242  252  261  267  265  258  247  233  223  219
  221  225  226  221  215  215  225  243  262  277  289  301  316  336  356  374
  385  393  402  413  422  426  426  424  422  421  421  416  404  388  373  366
  370  382  397  410  418  421  422  422  421
    32.5-180.0 180.0   5.0 450.0                            LAT/LON1/LON2/DLON/H
  456  451  441  428  414  402  392  383  374  361  347  329  308  287  269  255
  242  229  221  219  224  234  247  263  277  284  282  272  257  242  231  227
  232  237  239  232  223  220  227  244  263  279  292  303  317  336  355  372
  383  392  402  416  430  440  444  446  449  454  457  454  444  426  408  398
  400  413  430  446  456  460  460  459  456
    30.0-180.0 180.0   5.0 450.0                            LAT/LON1/LON2/DLON/H
  494  487  475  460  444  432  422  414  404  391  374  354  332  310  293  278
  261  242  228  222  226  238  258  279  297  305  302  288  269  249  235  231
  235  241  241  233  222  216  221  237  257  275  289  301  314  332  351  366
  377  387  400  418  438  454  464  470  477  486  492  492  483  465  444  432
  433  445  464  481  493  499  499  498  494
    27.5-180.0 180.0   5.0 450.0                            LAT/LON1/LON2/DLON/H
  530  523  511  496  480  468  459  450  440  425  407  385  360  339  321  305
  284  260  239  228  231  247  271  298  320  327  320  302  277  253  235  228
  229  232  231  222  210  204  208  225  246  266  282  295  308  325  343  358
  369  381  397  419  446  468  482  491  500  510  520  522  515  497  477  462
  462  475  495  515  529  535  536  534  530
    25.0-180.0 180.0   5.0 450.0                            LAT/LON1/LON2/DLON/H
  561  556  546  532  517  507  501  492  481  464  444  420  393  370  353  335
  310  280  254  239  240  259  288  318  340  346  334  309  279  249  226  215
  212  212  208  200  190  185  190  206  228  251  270  285  300  317  334  349
  362  375  395  422  452  479  496  506  515  525  535  541  537  522  501  488
  487  500  522  543  558  564  565  564  561
    22.5-180.0 180.0   5.0 450.0                            LAT/LON1/LON2/DLON/H
  584  582  575  564  554  548  544  537  523  504  481  455  428  403  385  365
  338  305  273  255  254  274  304  335  354  354  336  305  269  235  209  194
  187  183  178  170  164  162  169  184  207  231  253  272  290  308  327  342
  356  373  395  426  459  487  504  513  520  528  538  545  545  534  517  505
  506  520  542  564  578  585  586  585  584
    20.0-180.0 180.0   5.0 450.0                            LAT/LON1/LON2/DLON/H
  597  598  595  588  584  584  583  577  561  540  515  487  458  434  414  394
  366  330  296  275  273  291  319  346  358  351  324  286  247  212  185  167
  157  151  146  140  136  138  146  161  182  208  233  257  280  301  321  338
  355  375  399  430  462  490  507  513  516  520  528  537  541  535  523  515
  519  534  556  578  591  595  596  596  597
    17.5-180.0 180.0   5.0 450.0                            LAT/LON1/LON2/DLON/H
  600  603  604  602  603  608  613  608  591  566  539  510  480  456  437  417
  390  355  322  298  292  307  329  347  351  334  299  258  218  184  158  141
  129  122  116  113  112  116  124  138  159  185  214  243  271  296  317  336
  357  380  406  436  467  491  506  510  510  509  516  526  534  532  525  521
  528  544  565  583  594  597  597  598  600
    15.0-180.0 180.0   5.0 450.0                            LAT/LON1/LON2/DLON/H
  597  602  604  605  610  620  629  624  604  576  547  517  490  467  450  432
  408  378  346  320  312  318  332  340  332  306  266  223  185  155  133  118
  106   98   94   92   94   98  105  118  137  164  196  231  264  292  316  337
  361  387  415  443  471  494  507  510  506  503  508  519  528  530  527  527
  536  552  570  584  591  592  592  594  597
    12.5-180.0 180.0   5.0 450.0                            LAT/LON1/LON2/DLON/H
  593  596  597  599  606  619  628  622  598  567  536  507  483  464  449  436
  419  395  367  340  326  324  326  321  304  271  229  188  154  130  114  101
   91   84   79   78   79   83   89  100  119  146  182  220  257  288  313  338
  364  393  423  450  476  499  512  516  512  508  512  523  534  537  534  537
  546  560  574  584  586  585  586  589  593
    10.0-180.0 180.0   5.0 450.0                            LAT/LON1/LON2/DLON/H
  592  591  589  588  595  607  614  604  575  540  507  481  461  445  436  428
  418  403  380  353  333  321  310  295  270  233  193  157  130  113  103   93
   83   75   71   69   70   72   77   86  105  132  170  211  251  283  309  334
  364  396  428  457  484  508  525  531  530  527  531  543  553  554  550  550
  559  571  581  584  584  582  584  589  592
     7.5-180.0 180.0   5.0 450.0                            LAT/LON1/LON2/DLON/H
  597  593  586  582  585  592  592  573  539  500  466  443  427  417  412  410
  409  402  384  358  332  310  287  263  232  197  161  133  115  104   96   89
   80   72   66   64   63   64   67   76   94  122  159  202  243  275  301  328
  360  395  429  461  491  520  543  554  556  556  563  575  584  579  570  568
  575  583  587  588  585  584  589  596  597
     5.0-180.0 180.0   5.0 450.0                            LAT/LON1/LON2/DLON/H
  611  604  593  585  582  582  571  541  497  454  421  400  389  383  381  385
  391  392  379  354  322  291  259  228  197  165  137  117  106  100   95   89
   80   71   64   60   57   57   60   70   87  113  149  191  231  263  288  316
  349  387  424  460  496  532  560  576  582  586  595  608  613  604  589  583
  587  593  595  592  589  591  600  609  611
     2.5-180.0 180.0   5.0 450.0                            LAT/LON1/LON2/DLON/H
  630  623  612  601  593  583  560  516  463  413  379  362  355  351  351  357
  368  374  365  341  306  268  230  196  166  141  121  110  103  100   96   89
   81   71   63   56   53   52   55   64   81  105  139  178  216  247  272  301
  335  374  413  454  495  536  569  588  598  606  618  631  632  617  596  588
  591  595  595  592  592  599  613  627  630
