data/corinthe/IONEX/igsg1690.15i
     1.0            IONOSPHERE MAPS     MIX                 IONEX VERSION / TYPE
cmpcmb v1.2          GRL/UWM             7-jul-15 17:22     PGM / RUN BY / DATE 
ionex file containing IGS COMBINED Ionosphere maps          COMMENT             
global ionosphere maps for day 169, 2015                    DESCRIPTION         
IONEX file containing the COMBINED IGS TEC MAPS and DCBs    DESCRIPTION         
      IONEX files of the following IAACs were combined: cod DESCRIPTION         
                                                        jpl DESCRIPTION         
Contact address: Andrzej Krankowski                         DESCRIPTION
                 Geodynamics Research Laboratory            DESCRIPTION
                 University of Warmia and Mazury (GRL/UWM)  DESCRIPTION
                 Oczapowski St. 1                           DESCRIPTION
                 10-957-Olsztyn, POLAND                     DESCRIPTION
                 e-mail:  kand@uwm.edu.pl                   DESCRIPTION
                                                            DESCRIPTION         
  2015     6    18     0     0     0                        EPOCH OF FIRST MAP  
  2015     6    19     0     0     0                        EPOCH OF LAST MAP   
  7200                                                      INTERVAL            
    13                                                      # OF MAPS IN FILE   
  COSZ                                                      MAPPING FUNCTION    
     0.0                                                    ELEVATION CUTOFF    
combined TEC calculated as weighted mean of input TEC valuesOBSERVABLES USED    
   318                                                      # OF STATIONS       
    32                                                      # OF SATELLITES     
  6371.0                                                    BASE RADIUS         
     2                                                      MAP DIMENSION       
   450.0 450.0   0.0                                        HGT1 / HGT2 / DHGT  
    87.5 -87.5  -2.5                                        LAT1 / LAT2 / DLAT  
  -180.0 180.0   5.0                                        LON1 / LON2 / DLON  
    -1                                                      EXPONENT            
TEC values in 0.1 tec units;  9999, if no value available   COMMENT             
DCB values in nanoseconds, reference is Sum_of_SatDCBs = 0  COMMENT             
                                                            END OF HEADER       
[from data line 2574]
     7                                                      START OF TEC MAP    
  2015     6    18    12     0     0                        EPOCH OF CURRENT MAP
    87.5-180.0 180.0   5.0 450.0                            LAT/LON1/LON2/DLON/H
  169  169  168  167  167  167  167  166  167  167  167  167  167  167  167  168
  168  168  168  169  169  169  170  170  171  171  171  172  172  173  173  174
  174  174  175  175  175  176  176  176  176  176  176  176  177  177  177  177
  177  177  177  177  177  177  177  177  176  176  175  175  174  174  173  173
  172  172  171  171  171  170  170  169  169
    85.0-180.0 180.0   5.0 450.0                            LAT/LON1/LON2/DLON/H
  164  163  163  162  162  161  161  161  160  161  161  161  161  161  161  161
  162  162  163  163  164  165  165  166  167  168  169  170  171  172  173  174
  174  175  176  176  177  177  178  178  179  179  179  179  180  180  180  180
  181  181  181  181  181  181  181  180  180  180  178  177  176  175  174  173
  172  170  169  169  167  166  165  164  164
    82.5-180.0 180.0   5.0 450.0                            LAT/LON1/LON2/DLON/H
  159  158  158  158  157  157  157  156  156  156  156  155  155  155  155  155
  155  156  157  157  159  160  161  163  165  166  168  170  171  173  174  175
  176  177  178  179  179  179  179  179  180  180  180  181  181  181  182  182
  183  183  183  184  184  184  184  184  183  182  181  179  178  176  174  172
  170  168  166  164  163  162  161  160  159
    80.0-180.0 180.0   5.0 450.0                            LAT/LON1/LON2/DLON/H
  155  155  155  155  155  154  154  153  152  152  151  150  149  149  148  149
  149  149  150  151  153  155  157  159  162  164  166  169  171  173  175  177
  178  179  180  180  180  181  180  180  180  180  180  180  180  180  181  182
  183  183  184  185  186  186  187  186  186  185  183  181  179  176  173  170
  168  165  163  160  159  158  156  155  155
    77.5-180.0 180.0   5.0 450.0                            LAT/LON1/LON2/DLON/H
  153  153  153  153  153  153  153  152  151  149  147  146  144  143  142  142
  142  143  144  146  148  150  153  156  159  162  166  168  171  174  176  178
  180  181  182  183  183  182  181  181  180  179  179  178  179  179  180  180
  182  183  184  185  186  187  187  188  187  186  184  182  179  175  172  169
  165  162  159  157  156  154  153  153  153
    75.0-180.0 180.0   5.0 450.0                            LAT/LON1/LON2/DLON/H
  152  152  152  153  153  153  152  151  149  147  145  142  140  138  137  137
  137  138  139  141  144  148  151  154  158  162  165  168  171  175  177  180
  182  183  184  184  184  184  182  180  179  178  177  176  176  176  176  177
  178  180  181  183  184  186  186  186  186  185  183  181  178  175  171  168
  164  161  158  155  153  152  152  151  152
    72.5-180.0 180.0   5.0 450.0                            LAT/LON1/LON2/DLON/H
  151  152  152  153  152  153  152  150  148  146  143  141  137  135  134  133
  133  135  136  139  143  146  150  154  158  162  165  169  172  176  178  181
  183  185  186  186  186  185  183  181  179  177  175  174  173  173  173  174
  175  176  178  179  181  182  183  184  184  184  182  181  178  175  172  169
  165  162  158  156  154  152  152  152  151
    70.0-180.0 180.0   5.0 450.0                            LAT/LON1/LON2/DLON/H
  153  152  151  151  151  150  150  148  147  145  142  139  137  134  132  132
  132  133  135  138  142  147  150  154  159  162  165  169  173  175  178  181
  183  186  187  187  187  186  184  181  179  176  174  173  171  171  171  171
  171  172  173  174  176  177  179  180  182  182  182  181  179  178  175  172
  169  166  163  160  158  156  154  153  153
    67.5-180.0 180.0   5.0 450.0                            LAT/LON1/LON2/DLON/H
  153  151  149  148  147  146  145  145  144  143  141  139  136  134  132  132
  132  134  137  140  144  148  152  156  160  163  166  170  172  175  179  182
  184  187  188  189  188  187  185  183  180  178  175  173  171  170  169  169
  169  169  169  170  171  173  175  177  179  181  182  182  182  181  179  177
  175  172  169  167  164  161  159  156  153
    65.0-180.0 180.0   5.0 450.0                            LAT/LON1/LON2/DLON/H
  155  150  145  142  139  139  138  138  139  139  138  138  136  134  133  133
  134  136  139  143  146  151  155  158  162  165  167  170  173  177  179  183
  186  189  190  191  190  189  187  184  182  180  178  176  175  173  171  170
  168  167  166  166  168  170  172  175  178  181  183  185  186  186  186  185
  183  181  178  175  172  168  164  160  155
    62.5-180.0 180.0   5.0 450.0                            LAT/LON1/LON2/DLON/H
  156  148  141  135  131  129  127  129  130  132  133  134  134  133  133  134
  136  138  141  145  148  152  156  160  163  166  169  172  176  179  183  186
  189  192  193  193  192  191  189  187  186  184  182  181  180  178  176  173
  170  168  166  166  167  169  172  176  180  184  187  190  191  193  193  192
  191  189  187  184  180  175  170  163  156
    60.0-180.0 180.0   5.0 450.0                            LAT/LON1/LON2/DLON/H
  157  146  136  128  121  118  116  117  120  123  125  127  129  130  131  133
  135  138  142  145  149  153  157  160  164  168  171  175  180  184  188  192
  195  198  199  198  196  194  192  191  190  189  189  189  187  186  183  179
  175  172  169  168  169  172  175  179  184  188  192  194  198  199  200  200
  199  198  195  192  188  182  175  167  157
    57.5-180.0 180.0   5.0 450.0                            LAT/LON1/LON2/DLON/H
  158  146  133  122  113  108  105  106  108  112  115  119  121  123  125  129
  133  137  142  146  149  153  156  161  166  171  175  181  187  193  198  202
  205  207  207  204  201  198  196  196  196  196  197  197  197  196  193  188
  183  178  174  172  173  176  180  185  190  194  198  201  203  204  205  205
  205  203  201  198  193  187  179  169  158
    55.0-180.0 180.0   5.0 450.0                            LAT/LON1/LON2/DLON/H
  158  145  132  119  109  101   96   95   97  101  104  108  111  114  118  122
  129  134  139  144  148  152  156  161  167  174  182  190  197  204  210  214
  217  217  216  213  208  204  202  202  202  204  206  208  208  206  203  197
  191  185  180  178  179  183  188  193  198  202  204  206  207  208  208  208
  208  206  203  200  194  188  180  170  158
    52.5-180.0 180.0   5.0 450.0                            LAT/LON1/LON2/DLON/H
  156  144  132  119  107   98   91   88   89   91   94   98  101  104  109  115
  123  131  137  143  147  151  156  163  171  180  189  199  209  217  223  228
  230  229  227  222  218  213  211  210  211  214  216  219  218  216  212  206
  199  191  186  184  185  190  196  202  207  210  211  211  211  211  210  209
  208  206  202  198  193  185  177  168  156
    50.0-180.0 180.0   5.0 450.0                            LAT/LON1/LON2/DLON/H
  154  144  132  120  108   97   89   84   83   84   87   89   92   95  100  108
  118  128  136  142  147  153  159  166  176  186  199  210  220  230  236  241
  242  242  240  235  229  225  222  222  223  226  229  230  229  226  220  212
  204  196  190  189  190  195  203  209  214  216  216  215  213  212  211  210
  208  205  200  194  188  180  172  163  154
    47.5-180.0 180.0   5.0 450.0                            LAT/LON1/LON2/DLON/H
  150  142  133  123  111  100   91   84   81   81   82   84   86   89   95  104
  115  126  135  143  149  155  163  172  182  195  208  221  232  241  247  251
  253  253  252  248  244  240  238  237  239  241  244  243  239  234  226  218
  209  200  194  192  194  200  207  215  220  222  220  218  215  214  213  211
  208  204  198  190  182  173  165  157  150
    45.0-180.0 180.0   5.0 450.0                            LAT/LON1/LON2/DLON/H
  144  139  132  125  115  105   93   86   82   81   81   82   84   86   93  102
  114  126  137  145  153  161  169  179  191  205  218  230  240  248  254  258
  260  263  264  263  261  259  258  258  260  262  262  258  252  244  235  225
  214  205  198  194  197  203  212  220  225  225  223  219  217  216  216  215
  211  205  197  187  178  167  158  151  144
    42.5-180.0 180.0   5.0 450.0                            LAT/LON1/LON2/DLON/H
  141  136  132  126  118  107   97   89   84   83   84   84   86   88   94  103
  115  128  139  149  158  168  177  187  200  214  227  238  246  253  257  262
  266  272  277  280  282  283  284  286  286  286  284  278  268  257  246  235
  224  213  204  200  200  206  216  224  227  227  224  220  218  220  221  221
  217  210  200  189  176  164  154  146  141
    40.0-180.0 180.0   5.0 450.0                            LAT/LON1/LON2/DLON/H
  139  134  130  126  119  109   99   90   87   86   88   90   90   92   97  106
  117  130  142  153  165  175  185  196  209  223  235  245  251  255  259  264
  272  281  291  299  306  311  315  317  318  317  311  302  290  276  263  251
  239  227  217  210  209  214  222  230  232  230  225  221  220  223  228  229
  226  218  206  192  179  165  154  145  139
    37.5-180.0 180.0   5.0 450.0                            LAT/LON1/LON2/DLON/H
  140  134  129  125  118  109   99   91   89   91   95   97   97   99  102  108
  118  131  144  158  171  183  193  205  217  231  242  250  254  256  260  266
  277  291  306  320  333  343  349  353  353  350  344  332  318  303  289  277
  265  252  239  229  225  229  235  240  240  235  228  223  222  227  233  237
  234  225  212  198  184  171  159  149  140
    35.0-180.0 180.0   5.0 450.0                            LAT/LON1/LON2/DLON/H
  146  137  130  123  116  107   98   92   91   95  102  105  106  106  106  110
  119  131  146  161  176  190  201  212  225  237  247  253  256  257  261  270
  284  303  323  344  361  374  384  388  390  387  380  368  352  337  324  312
  300  287  271  258  252  253  257  259  255  246  234  226  224  229  236  241
  239  230  218  204  191  179  168  156  146
    32.5-180.0 180.0   5.0 450.0                            LAT/LON1/LON2/DLON/H
  153  142  132  124  115  107   99   93   94  100  108  114  114  112  110  110
  117  130  147  164  181  196  208  218  230  242  251  255  256  258  263  276
  294  317  343  367  389  405  417  422  425  423  418  406  391  377  365  356
  345  331  315  300  291  289  290  287  277  261  244  231  226  230  237  241
  239  231  219  207  196  187  178  166  153
    30.0-180.0 180.0   5.0 450.0                            LAT/LON1/LON2/DLON/H
  162  149  137  126  117  109  102   98  100  107  115  121  121  118  112  109
  115  128  147  167  185  200  213  224  234  245  253  256  258  261  269  285
  307  334  363  391  414  432  444  452  455  456  452  443  431  419  411  405
  397  385  367  350  338  334  331  322  305  280  256  237  229  229  233  236
  233  225  214  205  198  192  186  175  162
    27.5-180.0 180.0   5.0 450.0                            LAT/LON1/LON2/DLON/H
  171  157  144  132  123  115  109  106  107  113  122  127  127  122  114  109
  113  128  148  169  188  205  217  227  237  246  253  257  261  266  278  297
  323  353  384  413  437  454  466  473  478  481  481  477  468  461  458  456
  451  441  424  404  390  382  375  359  334  301  268  243  230  227  227  228
  224  215  205  198  194  193  190  183  171
    25.0-180.0 180.0   5.0 450.0                            LAT/LON1/LON2/DLON/H
  178  165  152  140  132  126  120  116  116  121  128  132  131  125  116  110
  113  128  150  172  192  208  220  229  237  246  254  259  265  275  290  314
  342  373  404  433  454  469  479  485  491  497  502  503  501  499  500  502
  502  493  476  454  437  427  415  393  360  320  279  249  231  223  220  219
  213  203  194  187  186  189  190  187  178
    22.5-180.0 180.0   5.0 450.0                            LAT/LON1/LON2/DLON/H
  183  172  161  151  144  138  133  129  128  129  133  134  133  127  118  111
  114  130  152  175  195  210  221  229  237  246  254  262  272  287  307  334
  364  394  424  450  467  477  483  488  495  504  513  520  525  528  533  539
  541  534  516  493  474  461  445  418  379  333  287  252  230  220  214  210
  203  194  183  177  177  182  188  188  183
    20.0-180.0 180.0   5.0 450.0                            LAT/LON1/LON2/DLON/H
  186  179  170  162  156  152  147  142  139  137  137  136  134  129  121  116
  119  133  154  177  196  211  220  226  234  244  255  267  281  301  327  357
  386  414  441  462  474  479  480  483  490  502  516  529  539  547  555  561
  565  559  540  516  495  480  461  431  388  338  290  253  229  216  209  204
  197  188  177  170  170  176  184  189  186
    17.5-180.0 180.0   5.0 450.0                            LAT/LON1/LON2/DLON/H
  189  185  177  171  167  164  160  154  147  143  139  137  135  130  124  120
  123  136  156  177  195  208  216  223  230  242  257  274  293  318  348  379
  408  433  455  470  475  474  472  474  482  497  514  531  545  556  563  568
  570  564  547  522  501  484  464  432  389  338  290  252  227  214  206  202
  196  187  176  169  167  174  183  189  189
    15.0-180.0 180.0   5.0 450.0                            LAT/LON1/LON2/DLON/H
  192  189  182  178  175  173  169  161  153  146  140  137  134  130  126  123
  126  137  156  175  192  205  212  217  227  242  260  281  305  335  368  401
  429  450  466  474  473  468  464  466  476  491  511  529  544  553  557  560
  560  554  538  515  494  478  458  426  382  333  286  250  225  212  205  202
  198  191  181  172  170  177  185  191  192
    12.5-180.0 180.0   5.0 450.0                            LAT/LON1/LON2/DLON/H
  197  192  185  181  179  177  173  165  155  146  139  136  134  130  126  124
  126  137  154  172  188  199  206  213  224  242  265  289  318  351  388  422
  448  465  475  477  471  464  460  463  474  490  509  525  538  543  544  543
  542  537  522  501  482  465  446  415  374  327  282  247  225  211  205  202
  200  196  188  180  179  185  193  197  197
    10.0-180.0 180.0   5.0 450.0                            LAT/LON1/LON2/DLON/H
  202  195  186  180  180  178  173  165  154  144  137  133  131  128  124  121
  123  133  150  168  183  194  202  210  224  246  271  299  330  365  403  438
  462  477  483  480  473  466  463  468  480  495  509  521  528  530  528  525
  523  517  504  485  467  451  432  403  364  320  277  245  224  212  204  201
  201  199  194  189  189  195  203  206  202
     7.5-180.0 180.0   5.0 450.0                            LAT/LON1/LON2/DLON/H
  209  198  185  179  177  176  172  163  152  141  133  130  127  124  120  116
  118  128  145  162  178  190  199  210  228  252  280  310  341  377  415  449
  473  486  489  484  477  473  473  480  491  501  510  515  517  516  512  509
  508  502  490  472  453  437  418  391  354  312  271  241  223  211  202  198
  198  199  198  197  201  208  214  215  209
     5.0-180.0 180.0   5.0 450.0                            LAT/LON1/LON2/DLON/H
  216  200  185  176  175  175  171  162  150  138  129  125  123  119  114  109
  111  122  139  157  174  188  199  213  233  259  289  318  350  384  421  455
  477  490  492  488  485  484  487  493  502  507  508  506  504  501  499  498
  498  491  478  459  439  421  401  376  341  300  263  236  220  208  198  191
  190  194  198  202  209  218  225  224  216
     2.5-180.0 180.0   5.0 450.0                            LAT/LON1/LON2/DLON/H
  219  201  184  175  174  175  171  162  150  137  127  120  117  111  106  101
  104  116  134  154  172  188  201  217  240  267  297  325  354  386  421  453
  476  488  491  491  491  492  497  502  505  506  500  493  488  486  487  491
  490  482  465  444  422  401  380  355  322  284  249  226  213  203  191  182
  180  185  193  203  213  224  230  229  219
