data/corinthe/IONEX/igsg1700.15i
     1.0            IONOSPHERE MAPS     MIX                 IONEX VERSION / TYPE
cmpcmb v1.2          GRL/UWM             7-jul-15 17:26     PGM / RUN BY / DATE 
ionex file containing IGS COMBINED Ionosphere maps          COMMENT             
global ionosphere maps for day 170, 2015                    DESCRIPTION         
IONEX file containing the COMBINED IGS TEC MAPS and DCBs    DESCRIPTION         
      IONEX files of the following IAACs were combined: cod DESCRIPTION         
                                                        jpl DESCRIPTION         
Contact address: Andrzej Krankowski                         DESCRIPTION
                 Geodynamics Research Laboratory            DESCRIPTION
                 University of Warmia and Mazury (GRL/UWM)  DESCRIPTION
                 Oczapowski St. 1                           DESCRIPTION
                 10-957-Olsztyn, POLAND                     DESCRIPTION
                 e-mail:  kand@uwm.edu.pl                   DESCRIPTION
                                                            DESCRIPTION         
  2015     6    19     0     0     0                        EPOCH OF FIRST MAP  
  2015     6    20     0     0     0                        EPOCH OF LAST MAP   
  7200                                                      INTERVAL            
    13                                                      # OF MAPS IN FILE   
  COSZ                                                      MAPPING FUNCTION    
     0.0                                                    ELEVATION CUTOFF    
combined TEC calculated as weighted mean of input TEC valuesOBSERVABLES USED    
   316                                                      # OF STATIONS       
    32                                                      # OF SATELLITES     
  6371.0                                                    BASE RADIUS         
     2                                                      MAP DIMENSION       
   450.0 450.0   0.0                                        HGT1 / HGT2 / DHGT  
    87.5 -87.5  -2.5                                        LAT1 / LAT2 / DLAT  
  -180.0 180.0   5.0                                        LON1 / LON2 / DLON  
    -1                                                      EXPONENT            
TEC values in 0.1 tec units;  9999, if no value available   COMMENT             
DCB values in nanoseconds, reference is Sum_of_SatDCBs = 0  COMMENT             
                                                            END OF HEADER       
[from data line 3861]
    10                                                      START OF TEC MAP    
  2015     6    19    18     0     0                        EPOCH OF CURRENT MAP
    87.5-180.0 180.0   5.0 450.0                            LAT/LON1/LON2/DLON/H
  182  182  182  183  183  183  183  183  183  183  183  183  182  182  181  181
  181  180  180  179  178  178  177  177  176  175  175  174  173  173  172  172
  171  171  171  170  170  170  169  169  169  170  169  169  170  170  171  171
  171  172  172  172  173  173  174  174  175  175  175  176  177  177  177  178
  178  179  179  180  180  181  181  182  182
    85.0-180.0 180.0   5.0 450.0                            LAT/LON1/LON2/DLON/H
  184  185  185  186  187  187  188  188  188  188  188  187  187  187  186  185
  184  184  183  181  180  179  178  177  175  174  172  171  170  169  168  167
  166  165  165  164  163  163  163  163  163  163  163  164  164  165  165  166
  166  168  168  169  169  170  171  172  173  173  174  174  175  176  176  177
  178  178  179  179  180  181  182  183  184
    82.5-180.0 180.0   5.0 450.0                            LAT/LON1/LON2/DLON/H
  183  185  186  187  188  189  190  191  191  191  191  191  191  190  190  189
  188  186  185  184  183  181  180  178  176  174  173  171  170  168  166  165
  164  162  161  160  160  159  159  158  158  158  159  159  160  161  162  162
  163  165  166  167  168  169  169  170  170  170  171  171  172  172  173  173
  174  174  175  176  177  179  180  182  183
    80.0-180.0 180.0   5.0 450.0                            LAT/LON1/LON2/DLON/H
  180  182  184  186  188  189  191  192  193  193  193  193  193  192  192  191
  190  189  187  186  185  184  182  181  179  178  176  174  172  170  168  166
  165  163  162  161  160  160  159  158  158  158  157  158  158  159  160  162
  163  164  165  166  167  167  168  168  168  168  168  168  168  167  168  168
  168  169  170  171  172  174  176  177  180
    77.5-180.0 180.0   5.0 450.0                            LAT/LON1/LON2/DLON/H
  176  178  181  183  186  188  189  191  192  192  193  194  194  193  193  192
  191  190  189  189  187  187  186  184  183  182  180  178  176  175  172  171
  169  167  166  165  164  163  162  161  160  160  159  159  159  160  161  162
  163  164  166  167  167  168  168  168  167  166  165  165  164  163  163  163
  163  164  165  166  167  169  171  173  176
    75.0-180.0 180.0   5.0 450.0                            LAT/LON1/LON2/DLON/H
  173  176  179  182  184  186  189  190  192  193  194  194  194  194  193  192
  192  191  191  190  190  190  190  189  188  187  185  184  182  180  177  175
  173  172  171  170  169  168  167  166  165  164  163  162  162  162  163  164
  165  166  168  169  169  169  169  168  166  165  164  163  162  161  161  160
  160  161  162  163  164  166  168  171  173
    72.5-180.0 180.0   5.0 450.0                            LAT/LON1/LON2/DLON/H
  173  176  179  181  184  188  190  192  193  195  195  196  196  196  194  194
  192  192  191  192  192  192  193  193  192  191  190  188  186  184  182  180
  178  176  175  174  173  173  172  172  170  169  167  166  165  164  164  166
  167  168  170  171  172  170  170  168  166  165  163  162  161  160  160  161
  161  161  162  163  165  167  168  170  173
    70.0-180.0 180.0   5.0 450.0                            LAT/LON1/LON2/DLON/H
  177  179  182  185  189  192  194  197  198  199  200  200  200  199  197  195
  193  192  192  192  193  194  194  195  194  192  191  189  187  185  184  182
  179  178  177  176  176  176  176  175  174  172  171  169  167  167  166  168
  169  171  172  173  173  172  169  168  166  164  163  162  162  162  163  163
  164  165  166  167  169  170  172  175  177
    67.5-180.0 180.0   5.0 450.0                            LAT/LON1/LON2/DLON/H
  183  186  189  193  197  201  203  206  206  207  207  207  205  203  200  197
  194  193  192  192  194  194  195  195  193  190  188  186  185  184  183  181
  180  179  177  176  177  177  177  176  176  174  173  171  169  168  168  169
  170  172  173  173  173  171  169  166  165  163  163  163  163  164  165  167
  169  170  171  173  175  177  178  180  183
    65.0-180.0 180.0   5.0 450.0                            LAT/LON1/LON2/DLON/H
  190  193  197  202  208  212  216  218  219  218  216  214  212  208  204  200
  196  194  192  192  193  193  193  193  190  187  183  180  179  179  179  179
  178  177  177  175  175  175  176  176  176  176  174  173  171  170  170  170
  171  172  173  172  171  168  165  162  161  161  161  162  164  166  168  170
  172  175  177  180  182  183  185  187  190
    62.5-180.0 180.0   5.0 450.0                            LAT/LON1/LON2/DLON/H
  196  200  206  213  220  226  231  232  232  230  227  223  219  214  208  203
  198  195  192  192  192  193  192  190  186  182  177  174  173  175  176  177
  177  177  175  174  173  173  174  175  176  176  176  175  173  171  170  170
  170  171  171  170  168  164  160  157  156  156  158  160  163  166  168  171
  174  176  180  183  187  189  191  193  196
    60.0-180.0 180.0   5.0 450.0                            LAT/LON1/LON2/DLON/H
  200  205  212  221  231  239  245  248  247  244  238  232  226  220  213  206
  201  197  194  193  192  192  191  188  183  178  173  169  170  172  175  178
  178  177  175  173  172  172  173  175  177  179  179  178  176  174  172  171
  170  170  169  167  164  158  155  151  150  151  154  158  161  163  165  168
  171  175  179  184  188  192  195  197  200
    57.5-180.0 180.0   5.0 450.0                            LAT/LON1/LON2/DLON/H
  201  207  215  226  239  251  259  262  261  256  249  242  233  225  218  211
  204  200  196  194  193  193  192  188  183  177  172  169  170  173  177  181
  181  180  177  174  173  172  174  178  181  183  184  183  180  176  173  171
  169  168  166  163  160  155  150  146  145  147  150  153  156  159  160  162
  165  169  175  181  186  192  195  198  201
    55.0-180.0 180.0   5.0 450.0                            LAT/LON1/LON2/DLON/H
  200  206  215  228  244  258  269  274  274  268  260  250  241  232  224  217
  209  204  200  197  196  195  194  191  186  181  177  175  175  179  184  187
  187  185  181  178  176  176  179  183  186  190  190  188  184  180  175  171
  168  166  164  161  157  152  147  143  142  143  146  150  152  153  153  153
  156  160  167  175  183  189  194  197  200
    52.5-180.0 180.0   5.0 450.0                            LAT/LON1/LON2/DLON/H
  197  203  212  227  245  263  276  285  286  280  271  260  249  239  230  223
  217  210  205  202  200  199  198  195  192  188  184  183  184  188  191  194
  195  192  188  184  183  183  186  191  196  198  198  195  190  184  177  171
  167  165  163  160  157  152  147  144  142  142  145  147  149  148  146  145
  147  151  159  168  177  185  190  194  197
    50.0-180.0 180.0   5.0 450.0                            LAT/LON1/LON2/DLON/H
  195  200  210  224  243  263  281  292  296  292  283  271  260  249  240  233
  226  220  214  210  207  205  204  202  199  197  194  193  194  196  200  201
  202  200  196  194  192  194  197  203  207  208  207  202  195  187  179  172
  167  164  162  160  158  154  150  147  145  145  147  149  149  146  143  140
  140  144  152  162  172  181  187  191  195
    47.5-180.0 180.0   5.0 450.0                            LAT/LON1/LON2/DLON/H
  194  198  207  221  241  262  283  297  304  303  296  285  272  262  253  246
  240  233  227  221  216  213  211  210  208  206  204  203  202  202  204  206
  207  207  206  205  206  207  212  217  220  220  217  210  202  191  182  173
  167  163  162  161  160  158  155  152  150  150  152  153  153  149  145  140
  139  142  149  159  170  179  186  191  194
    45.0-180.0 180.0   5.0 450.0                            LAT/LON1/LON2/DLON/H
  196  200  207  219  237  258  280  298  309  312  307  298  288  278  269  263
  257  251  243  237  229  223  220  218  217  216  213  210  207  205  206  208
  212  215  218  220  222  225  229  233  235  234  228  220  209  198  187  177
  169  165  163  163  164  163  161  159  158  159  160  162  162  158  152  146
  144  145  151  160  170  179  187  192  196
    42.5-180.0 180.0   5.0 450.0                            LAT/LON1/LON2/DLON/H
  199  203  208  217  232  251  273  294  309  316  316  310  302  295  288  283
  278  273  266  256  246  237  231  229  227  225  221  215  210  207  207  212
  219  226  233  238  241  245  248  251  251  248  240  230  218  206  194  184
  175  169  166  166  167  167  167  166  166  169  171  174  174  170  164  158
  153  153  157  164  172  181  189  195  199
    40.0-180.0 180.0   5.0 450.0                            LAT/LON1/LON2/DLON/H
  204  207  211  216  227  243  263  285  303  315  320  320  317  313  310  306
  302  298  291  281  267  254  245  242  239  236  231  223  216  212  214  221
  232  244  254  261  266  268  271  271  269  264  254  242  230  217  205  192
  182  174  170  169  170  171  172  173  175  178  181  185  186  184  178  172
  167  165  166  170  176  184  193  200  204
    37.5-180.0 180.0   5.0 450.0                            LAT/LON1/LON2/DLON/H
  209  212  213  215  222  233  250  271  292  309  319  325  328  330  330  329
  328  325  319  308  291  275  263  257  254  250  244  235  228  225  230  241
  256  271  282  290  293  294  293  291  287  279  268  255  241  229  216  203
  191  181  174  172  172  174  176  179  182  185  189  194  195  195  190  184
  179  175  174  176  179  186  195  203  209
    35.0-180.0 180.0   5.0 450.0                            LAT/LON1/LON2/DLON/H
  213  216  216  216  217  225  239  259  280  299  314  325  336  345  350  351
  351  351  348  336  318  299  284  276  273  269  262  255  250  250  259  275
  292  309  319  324  324  321  316  311  304  294  281  267  253  239  226  212
  199  186  178  173  174  176  179  182  185  188  192  196  199  199  197  192
  187  183  179  178  180  187  196  205  213
    32.5-180.0 180.0   5.0 450.0                            LAT/LON1/LON2/DLON/H
  214  218  219  217  216  221  231  249  269  288  306  325  343  359  368  371
  373  376  375  365  347  326  309  300  295  291  287  282  282  288  303  321
  341  355  362  362  356  348  338  328  319  306  292  276  260  246  232  218
  203  189  179  173  173  176  179  182  185  186  189  192  195  196  194  191
  188  183  178  176  178  184  193  205  214
    30.0-180.0 180.0   5.0 450.0                            LAT/LON1/LON2/DLON/H
  212  219  220  220  218  221  230  245  263  281  301  323  348  371  385  390
  393  398  401  393  377  355  337  325  320  317  316  317  322  336  355  376
  393  405  406  400  387  372  357  342  329  315  298  279  262  246  232  218
  202  187  176  170  170  173  178  180  181  180  181  182  183  185  184  182
  179  176  172  170  171  177  188  201  212
    27.5-180.0 180.0   5.0 450.0                            LAT/LON1/LON2/DLON/H
  208  217  222  223  223  227  236  249  264  281  300  325  356  385  402  408
  412  419  425  421  406  385  365  352  346  345  347  354  367  388  410  432
  445  451  446  433  414  392  371  351  334  317  297  276  256  238  224  211
  196  182  170  163  164  169  174  175  175  172  170  168  168  168  167  167
  165  164  162  160  163  169  181  195  208
    25.0-180.0 180.0   5.0 450.0                            LAT/LON1/LON2/DLON/H
  203  214  223  227  230  236  245  258  271  285  305  333  367  399  420  428
  433  441  448  446  434  414  394  378  371  371  377  391  411  437  462  480
  489  487  477  458  435  407  379  355  334  313  291  266  241  223  210  198
  185  172  161  156  157  164  168  169  167  162  158  154  152  151  150  150
  150  150  150  150  153  161  172  188  203
    22.5-180.0 180.0   5.0 450.0                            LAT/LON1/LON2/DLON/H
  197  211  223  231  238  245  256  269  280  295  315  344  381  417  440  450
  456  464  471  470  460  442  421  403  393  394  403  423  449  479  503  516
  518  510  495  473  447  415  382  353  329  305  279  251  224  205  193  184
  173  162  153  148  150  156  161  161  158  153  148  142  138  135  133  133
  134  136  138  140  144  153  165  181  197
    20.0-180.0 180.0   5.0 450.0                            LAT/LON1/LON2/DLON/H
  192  209  224  235  244  254  266  279  292  307  328  358  396  433  461  474
  481  488  494  493  485  468  445  425  412  411  424  448  479  509  530  536
  531  518  499  476  449  416  381  348  320  293  265  235  208  189  179  171
  163  154  145  141  143  148  152  153  150  146  140  134  128  123  121  120
  121  124  127  131  137  146  159  175  192
    17.5-180.0 180.0   5.0 450.0                            LAT/LON1/LON2/DLON/H
  187  206  224  237  248  258  271  285  300  317  341  371  409  448  479  497
  506  512  516  515  507  490  467  444  427  426  440  466  499  527  542  541
  528  511  491  469  443  412  376  341  311  284  255  226  199  181  171  164
  157  149  142  137  138  141  144  144  143  140  136  129  122  117  113  112
  113  115  119  124  131  140  153  168  187
    15.0-180.0 180.0   5.0 450.0                            LAT/LON1/LON2/DLON/H
  181  202  222  239  250  260  271  287  304  325  350  380  417  458  492  514
  525  532  534  533  526  511  486  460  440  438  451  479  509  533  540  531
  514  494  474  454  432  404  370  336  306  279  252  225  200  182  172  164
  156  147  139  134  133  134  135  135  136  135  132  125  118  112  108  107
  106  108  112  117  125  134  147  162  181
    12.5-180.0 180.0   5.0 450.0                            LAT/LON1/LON2/DLON/H
  173  196  220  239  251  259  269  285  305  329  354  382  418  458  495  521
  536  544  546  546  540  525  501  473  453  448  462  487  512  528  527  512
  492  473  454  438  419  396  366  335  305  281  258  234  212  195  181  168
  157  147  138  133  129  128  127  128  130  131  128  122  115  109  104  102
  102  102  105  109  116  126  138  154  173
    10.0-180.0 180.0   5.0 450.0                            LAT/LON1/LON2/DLON/H
  163  189  216  237  250  258  266  281  304  329  354  379  411  449  486  517
  536  545  548  549  546  534  510  484  463  459  472  492  510  516  508  490
  470  452  436  422  408  389  366  338  312  290  271  252  231  212  193  174
  158  146  136  130  125  122  120  121  124  125  124  118  110  103   99   98
   97   97   97  101  107  116  128  143  163
     7.5-180.0 180.0   5.0 450.0                            LAT/LON1/LON2/DLON/H
  152  181  211  236  250  258  266  280  302  327  349  372  399  433  470  502
  524  535  540  544  544  534  514  490  473  470  481  498  506  503  489  470
  452  437  424  411  399  386  368  344  321  302  287  269  250  227  202  176
  156  141  131  124  119  115  114  114  117  118  117  110  102   96   93   93
   92   90   90   91   96  105  116  131  152
     5.0-180.0 180.0   5.0 450.0                            LAT/LON1/LON2/DLON/H
  141  172  206  234  252  261  269  282  303  326  346  363  385  414  448  479
  503  516  522  528  530  526  511  493  481  481  491  502  501  490  473  456
  442  430  418  406  394  384  369  348  327  310  296  280  260  234  201  170
  147  132  122  115  111  109  107  107  109  109  107  101   93   87   85   87
   87   85   83   82   86   93  104  119  141
     2.5-180.0 180.0   5.0 450.0                            LAT/LON1/LON2/DLON/H
  132  165  201  233  254  266  275  288  308  328  345  358  374  397  425  455
  476  488  495  502  508  508  501  491  484  488  498  503  497  480  463  450
  441  432  418  402  389  378  364  345  325  309  295  279  256  225  189  156
  132  117  108  103  101  100  100   99   99   98   96   90   82   78   78   81
   82   81   78   76   77   84   94  109  132
