data/corinthe/IONEX/igsg1690.15i
     1.0            IONOSPHERE MAPS     MIX                 IONEX VERSION / TYPE
cmpcmb v1.2          GRL/UWM             7-jul-15 17:22     PGM / RUN BY / DATE 
ionex file containing IGS COMBINED Ionosphere maps          COMMENT             
global ionosphere maps for day 169, 2015                    DESCRIPTION         
IONEX file containing the COMBINED IGS TEC MAPS and DCBs    DESCRIPTION         
      IONEX files of the following IAACs were combined: cod DESCRIPTION         
                                                        jpl DESCRIPTION         
Contact address: Andrzej Krankowski                         DESCRIPTION
                 Geodynamics Research Laboratory            DESCRIPTION
                 University of Warmia and Mazury (GRL/UWM)  DESCRIPTION
                 Oczapowski St. 1                           DESCRIPTION
                 10-957-Olsztyn, POLAND                     DESCRIPTION
                 e-mail:  kand@uwm.edu.pl                   DESCRIPTION
                                                            DESCRIPTION         
  2015     6    18     0     0     0                        EPOCH OF FIRST MAP  
  2015     6    19     0     0     0                        EPOCH OF LAST MAP   
  7200                                                      INTERVAL            
    13                                                      # OF MAPS IN FILE   
  COSZ                                                      MAPPING FUNCTION    
     0.0                                                    ELEVATION CUTOFF    
combined TEC calculated as weighted mean of input TEC valuesOBSERVABLES USED    
   318                                                      # OF STATIONS       
    32                                                      # OF SATELLITES     
  6371.0                                                    BASE RADIUS         
     2                                                      MAP DIMENSION       
   450.0 450.0   0.0                                        HGT1 / HGT2 / DHGT  
    87.5 -87.5  -2.5                                        LAT1 / LAT2 / DLAT  
  -180.0 180.0   5.0                                        LON1 / LON2 / DLON  
    -1                                                      EXPONENT            
TEC values in 0.1 tec units;  9999, if no value available   COMMENT             
DCB values in nanoseconds, reference is Sum_of_SatDCBs = 0  COMMENT             
                                                            END OF HEADER       
[from data line 4719]
    12                                                      START OF TEC MAP    
  2015     6    18    22     0     0                        EPOCH OF CURRENT MAP
    87.5-180.0 180.0   5.0 450.0                            LAT/LON1/LON2/DLON/H
  173  173  173  173  173  173  173  173  173  173  173  173  173  172  172  171
  170  170  170  169  169  169  168  167  167  167  166  165  165  164  164  164
  164  163  163  163  163  163  163  162  162  162  162  163  163  163  163  164
  164  165  165  165  165  166  166  166  167  168  167  168  168  169  169  169
  170  171  171  171  172  172  172  172  173
    85.0-180.0 180.0   5.0 450.0                            LAT/LON1/LON2/DLON/H
  177  178  178  179  178  178  178  178  177  178  177  177  176  175  174  174
  173  172  172  171  170  168  168  167  166  165  164  163  162  161  160  159
  159  158  158  157  157  157  157  157  158  158  158  159  159  160  160  161
  161  162  163  163  164  164  165  165  166  166  167  167  168  169  169  170
  171  172  172  174  174  175  176  177  177
    82.5-180.0 180.0   5.0 450.0                            LAT/LON1/LON2/DLON/H
  181  182  182  182  182  183  182  182  182  180  180  179  178  177  176  175
  174  173  173  172  171  169  168  167  165  163  162  160  159  157  156  154
  153  153  152  152  152  152  153  153  154  155  156  156  157  158  159  160
  160  161  162  162  163  163  164  164  165  165  166  166  166  167  168  169
  170  172  173  174  175  177  178  180  181
    80.0-180.0 180.0   5.0 450.0                            LAT/LON1/LON2/DLON/H
  183  184  185  186  186  186  185  185  184  182  182  181  180  178  177  176
  175  174  173  172  172  170  168  167  164  162  160  157  155  152  150  149
  148  147  147  147  148  149  150  151  152  154  155  156  158  158  160  161
  162  162  163  163  164  164  164  164  164  164  164  164  164  165  165  166
  168  169  171  173  175  177  179  181  183
    77.5-180.0 180.0   5.0 450.0                            LAT/LON1/LON2/DLON/H
  183  186  187  188  188  188  188  187  186  185  183  182  180  179  178  177
  176  176  174  174  173  171  170  168  165  162  158  155  152  149  146  144
  143  143  144  145  146  148  149  151  153  155  156  158  159  161  162  163
  164  165  166  166  166  167  166  165  164  163  162  162  161  161  161  163
  164  165  167  170  173  175  178  181  183
    75.0-180.0 180.0   5.0 450.0                            LAT/LON1/LON2/DLON/H
  183  185  188  189  191  190  191  190  190  188  187  185  183  182  180  178
  177  177  176  175  175  174  172  169  166  162  158  154  150  146  143  141
  141  141  142  144  146  148  151  153  155  157  158  160  161  163  164  166
  167  168  169  169  169  169  168  167  165  163  162  160  159  159  158  159
  159  161  163  166  169  172  176  180  183
    72.5-180.0 180.0   5.0 450.0                            LAT/LON1/LON2/DLON/H
  181  185  188  190  192  192  193  194  193  193  192  190  189  186  184  182
  180  179  179  178  178  177  175  172  169  164  159  154  150  146  142  141
  141  142  144  147  149  153  155  156  158  159  160  161  162  163  164  166
  168  169  171  171  171  171  170  168  166  164  162  161  159  157  157  157
  157  158  160  163  166  169  173  177  181
    70.0-180.0 180.0   5.0 450.0                            LAT/LON1/LON2/DLON/H
  181  185  188  191  193  195  197  198  199  199  199  198  196  192  190  187
  185  183  182  182  182  181  179  176  172  168  163  157  153  148  146  144
  145  146  149  152  155  157  159  160  161  160  160  160  160  162  163  165
  166  169  170  172  172  172  170  169  167  165  163  162  160  159  158  157
  157  158  159  162  164  168  172  177  181
    67.5-180.0 180.0   5.0 450.0                            LAT/LON1/LON2/DLON/H
  183  186  190  192  195  197  199  202  204  206  207  207  204  201  197  192
  189  187  186  186  186  185  184  181  178  174  168  164  159  155  153  152
  153  154  157  160  162  163  164  163  162  161  159  157  157  158  159  161
  163  166  167  169  170  170  169  168  167  165  165  164  163  163  162  162
  162  162  163  165  167  171  175  179  183
    65.0-180.0 180.0   5.0 450.0                            LAT/LON1/LON2/DLON/H
  189  192  194  196  198  199  202  205  209  212  214  214  213  209  204  199
  195  192  191  191  190  190  189  187  184  181  177  173  169  166  165  164
  165  165  167  169  169  169  168  165  162  159  156  155  153  153  154  156
  158  160  162  163  164  164  164  164  165  165  166  168  168  169  169  169
  169  170  171  172  175  178  182  186  189
    62.5-180.0 180.0   5.0 450.0                            LAT/LON1/LON2/DLON/H
  200  202  202  202  202  203  204  208  212  216  219  221  220  217  211  206
  202  199  197  197  196  195  194  193  191  189  187  185  183  181  180  180
  179  180  179  179  177  174  171  167  162  158  155  152  151  150  150  150
  151  152  153  154  154  155  156  158  161  163  167  170  173  176  178  180
  181  183  184  186  188  191  195  198  200
    60.0-180.0 180.0   5.0 450.0                            LAT/LON1/LON2/DLON/H
  216  215  214  211  209  208  208  211  214  219  223  225  226  223  219  213
  208  206  204  203  202  201  200  200  199  198  198  197  198  198  197  197
  196  194  192  188  184  179  174  168  163  158  155  152  150  149  147  145
  145  144  143  143  143  144  146  150  155  160  166  171  177  182  187  191
  194  197  199  202  204  208  211  214  216
    57.5-180.0 180.0   5.0 450.0                            LAT/LON1/LON2/DLON/H
  233  231  227  223  218  215  213  215  218  222  226  229  230  229  225  220
  216  213  211  210  209  208  208  206  207  207  209  210  212  214  215  214
  212  208  203  197  190  183  176  170  165  161  158  156  153  150  147  143
  139  136  134  132  132  134  137  142  149  156  163  171  179  187  194  201
  206  211  215  218  222  226  229  232  233
    55.0-180.0 180.0   5.0 450.0                            LAT/LON1/LON2/DLON/H
  249  247  241  235  229  224  221  221  222  225  229  232  233  233  230  228
  224  221  219  217  216  216  215  214  214  216  218  222  225  228  230  229
  226  220  213  204  196  187  180  174  170  167  165  163  159  154  148  142
  136  130  126  124  123  125  129  136  143  153  161  170  179  189  199  208
  217  223  229  233  237  242  246  249  249
    52.5-180.0 180.0   5.0 450.0                            LAT/LON1/LON2/DLON/H
  261  258  253  247  240  235  232  230  230  230  232  235  236  237  236  233
  231  229  226  225  225  224  224  223  223  224  227  231  236  240  243  241
  237  231  222  212  203  193  185  180  178  176  174  171  166  159  151  142
  134  128  123  119  118  119  124  131  141  149  158  168  178  190  202  215
  225  233  239  244  248  253  258  261  261
    50.0-180.0 180.0   5.0 450.0                            LAT/LON1/LON2/DLON/H
  267  265  260  255  250  246  244  242  240  239  239  239  240  240  240  239
  238  235  234  233  233  233  233  233  232  232  235  240  245  249  251  251
  247  240  231  221  211  201  194  189  186  185  183  180  174  165  154  143
  135  127  122  118  116  117  122  130  139  148  157  166  176  189  204  218
  230  239  245  250  253  258  262  266  267
    47.5-180.0 180.0   5.0 450.0                            LAT/LON1/LON2/DLON/H
  266  265  262  259  257  256  256  255  254  251  247  245  244  244  244  244
  244  242  241  241  241  244  244  243  242  242  244  247  253  258  260  258
  254  248  241  232  222  212  204  199  196  194  191  187  180  169  157  146
  136  130  125  121  118  118  122  130  140  149  157  166  176  190  207  222
  235  244  249  253  255  258  261  265  266
    45.0-180.0 180.0   5.0 450.0                            LAT/LON1/LON2/DLON/H
  261  261  259  259  260  263  267  268  268  264  259  253  250  248  248  249
  248  247  247  248  251  254  256  256  254  252  253  257  262  266  267  266
  262  257  251  245  236  226  218  211  205  201  196  191  182  172  159  147
  139  134  130  125  121  119  122  130  140  150  159  168  179  193  209  226
  238  247  252  254  254  255  257  260  261
    42.5-180.0 180.0   5.0 450.0                            LAT/LON1/LON2/DLON/H
  255  255  255  257  261  268  276  281  282  279  271  263  256  253  252  253
  253  253  253  255  260  265  269  269  268  266  267  269  274  276  277  275
  271  268  264  259  251  242  232  222  213  206  199  193  185  173  160  150
  144  140  137  131  125  120  121  129  139  150  161  171  184  199  215  230
  243  251  254  255  254  253  254  255  255
    40.0-180.0 180.0   5.0 450.0                            LAT/LON1/LON2/DLON/H
  253  254  254  257  263  273  283  292  297  294  287  276  267  261  259  258
  259  259  260  264  270  277  282  284  284  283  283  286  288  290  289  286
  282  280  277  273  266  256  245  232  220  209  200  193  185  175  164  154
  149  147  144  137  127  119  118  124  136  150  163  176  189  204  220  235
  247  254  257  257  255  253  252  252  253
    37.5-180.0 180.0   5.0 450.0                            LAT/LON1/LON2/DLON/H
  257  258  259  263  269  280  293  304  311  311  304  292  281  273  269  268
  268  267  269  275  282  291  297  301  302  301  302  304  307  307  304  300
  295  293  290  286  278  267  254  239  222  209  199  193  187  179  168  160
  156  153  149  141  128  116  112  118  130  146  162  178  193  209  225  238
  249  256  259  260  258  255  255  256  257
    35.0-180.0 180.0   5.0 450.0                            LAT/LON1/LON2/DLON/H
  269  273  275  278  283  292  305  318  327  330  324  312  299  289  285  282
  280  279  282  288  297  306  315  320  322  322  322  325  327  325  320  312
  307  303  299  293  284  272  258  241  222  206  197  192  189  182  173  166
  161  159  153  142  127  112  105  109  122  140  158  177  194  211  226  239
  249  257  261  263  262  261  262  265  269
    32.5-180.0 180.0   5.0 450.0                            LAT/LON1/LON2/DLON/H
  287  294  298  301  304  311  322  335  346  350  346  335  322  312  307  303
  299  297  299  306  316  327  335  341  343  342  343  345  346  342  334  323
  315  308  301  291  280  268  254  237  217  201  193  192  191  186  178  170
  165  161  154  141  123  107   98  100  112  131  151  172  191  209  224  236
  247  255  262  266  267  269  272  279  287
    30.0-180.0 180.0   5.0 450.0                            LAT/LON1/LON2/DLON/H
  306  317  325  329  331  336  344  356  368  374  372  362  350  341  335  331
  324  321  322  328  338  349  359  364  364  363  362  362  360  355  343  328
  314  303  293  279  266  254  242  227  209  194  189  190  190  186  179  171
  164  160  151  137  119  102   93   94  104  121  142  164  185  203  218  230
  242  252  262  268  273  277  284  294  306
    27.5-180.0 180.0   5.0 450.0                            LAT/LON1/LON2/DLON/H
  324  340  352  358  360  363  370  380  393  400  401  393  383  376  371  364
  355  349  349  354  363  374  383  387  385  381  377  374  370  360  343  324
  306  289  273  257  243  233  225  214  199  187  183  186  187  184  175  167
  160  153  145  132  116  100   90   90   98  113  133  154  176  195  210  223
  237  249  261  271  279  286  296  308  324
    25.0-180.0 180.0   5.0 450.0                            LAT/LON1/LON2/DLON/H
  338  357  373  382  387  390  396  406  419  428  431  426  420  417  413  405
  392  382  379  382  389  399  406  408  404  395  386  378  370  356  335  310
  288  266  245  227  215  210  207  200  188  179  177  179  179  174  165  157
  150  144  136  125  111   98   90   89   95  107  125  145  167  185  202  217
  232  247  262  275  286  295  307  320  338
    22.5-180.0 180.0   5.0 450.0                            LAT/LON1/LON2/DLON/H
  347  366  385  398  406  412  420  430  444  456  460  459  459  460  458  447
  432  418  411  410  414  421  427  427  419  406  391  377  362  342  317  290
  263  238  216  198  189  189  192  189  181  173  170  170  167  160  151  143
  138  133  126  116  106   98   93   92   96  106  120  139  160  179  197  213
  230  248  265  280  293  305  316  329  347
    20.0-180.0 180.0   5.0 450.0                            LAT/LON1/LON2/DLON/H
  352  371  390  405  417  427  438  451  465  478  485  490  495  503  503  491
  472  455  444  437  436  439  444  442  431  413  391  370  349  324  296  266
  238  212  191  176  172  178  185  184  177  170  164  161  153  144  134  128
  124  121  115  109  103   99   97   97   99  106  119  136  157  177  196  215
  235  254  272  289  303  316  327  338  352
    17.5-180.0 180.0   5.0 450.0                            LAT/LON1/LON2/DLON/H
  359  374  391  407  421  434  448  463  479  493  503  512  526  540  544  531
  509  488  472  461  453  454  456  452  438  415  387  359  332  304  275  246
  219  194  176  167  169  180  187  186  179  169  160  152  141  128  118  114
  112  111  106  102   99   99  100  102  104  109  119  135  156  178  200  221
  242  263  282  299  315  328  339  348  359
    15.0-180.0 180.0   5.0 450.0                            LAT/LON1/LON2/DLON/H
  369  380  393  408  422  436  451  467  484  500  512  525  546  567  574  561
  538  515  495  479  467  463  463  458  441  414  381  348  317  288  259  233
  208  188  175  173  181  193  198  193  182  171  159  146  131  116  107  104
  105  103  100   96   95   98  102  106  107  111  119  135  157  181  205  230
  253  274  293  310  327  341  353  361  369
    12.5-180.0 180.0   5.0 450.0                            LAT/LON1/LON2/DLON/H
  385  392  402  414  426  438  451  466  483  498  512  528  552  578  589  579
  556  532  510  491  476  469  466  459  440  410  373  337  304  277  252  230
  209  194  187  190  202  213  213  202  188  175  161  144  126  111  102  100
  100   99   95   91   91   95  100  104  107  110  118  134  157  184  211  238
  263  285  304  322  338  355  368  378  385
    10.0-180.0 180.0   5.0 450.0                            LAT/LON1/LON2/DLON/H
  403  410  419  430  437  443  451  464  478  492  504  521  547  574  588  582
  562  538  517  498  481  471  465  455  435  403  364  327  297  273  255  236
  219  207  205  212  225  232  226  209  192  177  162  145  128  112  103  100
  100   97   90   86   85   89   95  100  102  105  114  130  154  183  214  243
  270  293  312  329  348  366  382  396  403
     7.5-180.0 180.0   5.0 450.0                            LAT/LON1/LON2/DLON/H
  423  432  443  452  457  456  457  464  474  485  495  509  532  559  574  572
  555  534  516  499  482  469  459  447  425  392  355  320  292  274  261  247
  232  222  222  231  242  244  232  210  192  177  164  149  133  118  108  104
  100   95   87   81   79   82   87   91   93   97  105  122  147  179  212  244
  273  296  317  335  353  374  394  412  423
     5.0-180.0 180.0   5.0 450.0                            LAT/LON1/LON2/DLON/H
  439  454  469  482  484  477  470  470  475  482  487  496  513  535  552  552
  540  524  510  496  481  465  450  435  412  380  344  312  290  277  269  257
  243  233  233  240  246  244  227  205  186  173  164  152  139  125  114  107
  100   91   82   75   73   73   76   79   82   86   95  111  137  170  206  240
  271  296  318  336  355  375  399  422  439
     2.5-180.0 180.0   5.0 450.0                            LAT/LON1/LON2/DLON/H
  446  469  492  511  513  503  489  484  484  486  486  487  495  510  525  529
  522  510  501  491  476  457  438  419  396  366  334  306  286  276  272  263
  247  235  233  236  238  230  212  191  175  165  159  152  142  130  119  108
   98   86   76   69   66   64   64   67   69   73   83   99  125  159  197  233
  264  292  315  334  352  372  397  423  446
