data/corinthe/IONEX/igsg1630.15i
     1.0            IONOSPHERE MAPS     MIX                 IONEX VERSION / TYPE
cmpcmb v1.2          GRL/UWM            29-jun-15 23:04     PGM / RUN BY / DATE 
ionex file containing IGS COMBINED Ionosphere maps          COMMENT             
global ionosphere maps for day 163, 2015                    DESCRIPTION         
IONEX file containing the COMBINED IGS TEC MAPS and DCBs    DESCRIPTION         
      IONEX files of the following IAACs were combined: cod DESCRIPTION         
                                                        jpl DESCRIPTION         
Contact address: Andrzej Krankowski                         DESCRIPTION
                 Geodynamics Research Laboratory            DESCRIPTION
                 University of Warmia and Mazury (GRL/UWM)  DESCRIPTION
                 Oczapowski St. 1                           DESCRIPTION
                 10-957-Olsztyn, POLAND                     DESCRIPTION
                 e-mail:  kand@uwm.edu.pl                   DESCRIPTION
                                                            DESCRIPTION         
  2015     6    12     0     0     0                        EPOCH OF FIRST MAP  
  2015     6    13     0     0     0                        EPOCH OF LAST MAP   
  7200                                                      INTERVAL            
    13                                                      # OF MAPS IN FILE   
  COSZ                                                      MAPPING FUNCTION    
     0.0                                                    ELEVATION CUTOFF    
combined TEC calculated as weighted mean of input TEC valuesOBSERVABLES USED    
   309                                                      # OF STATIONS       
    32                                                      # OF SATELLITES     
  6371.0                                                    BASE RADIUS         
     2                                                      MAP DIMENSION       
   450.0 450.0   0.0                                        HGT1 / HGT2 / DHGT  
    87.5 -87.5  -2.5                                        LAT1 / LAT2 / DLAT  
  -180.0 180.0   5.0                                        LON1 / LON2 / DLON  
    -1                                                      EXPONENT            
TEC values in 0.1 tec units;  9999, if no value available   COMMENT             
DCB values in nanoseconds, reference is Sum_of_SatDCBs = 0  COMMENT             
                                                            END OF HEADER       
[from data line 858]
     3                                                      START OF TEC MAP    
  2015     6    12     4     0     0                        EPOCH OF CURRENT MAP
    87.5-180.0 180.0   5.0 450.0                            LAT/LON1/LON2/DLON/H
  220  220  221  221  221  221  222  222  222  222  222  222  222  222  221  221
  221  220  219  219  218  217  216  215  214  214  213  212  210  210  209  208
  207  207  206  206  205  205  205  204  204  204  204  204  204  205  205  205
  206  207  207  208  208  209  209  210  210  211  212  212  213  214  214  215
  216  216  217  217  217  218  219  219  220
    85.0-180.0 180.0   5.0 450.0                            LAT/LON1/LON2/DLON/H
  225  226  227  227  228  228  229  229  230  230  230  230  230  230  230  229
  228  227  226  225  223  221  219  217  215  213  211  209  207  204  203  201
  200  198  198  197  196  196  196  197  196  197  197  198  199  200  201  202
  203  204  205  206  207  209  210  211  212  213  214  215  215  216  217  218
  219  220  221  222  223  223  224  225  225
    82.5-180.0 180.0   5.0 450.0                            LAT/LON1/LON2/DLON/H
  230  230  231  232  232  233  233  234  234  235  235  235  235  235  234  234
  233  232  230  228  226  223  221  217  214  210  207  203  200  197  194  192
  190  189  188  188  188  189  189  190  192  193  194  196  197  199  200  202
  204  206  207  209  210  212  213  214  216  217  218  219  221  222  223  223
  224  225  226  227  227  228  228  229  230
    80.0-180.0 180.0   5.0 450.0                            LAT/LON1/LON2/DLON/H
  233  233  233  234  234  234  234  235  235  235  235  235  235  235  234  234
  233  232  230  228  225  222  218  214  209  204  198  194  190  186  183  180
  179  179  179  181  182  184  186  189  191  194  196  198  201  202  205  207
  209  211  212  215  216  218  219  221  222  224  225  226  227  228  229  230
  231  231  231  231  231  231  232  232  233
    77.5-180.0 180.0   5.0 450.0                            LAT/LON1/LON2/DLON/H
  233  233  233  233  233  234  234  234  233  233  232  231  231  230  229  229
  227  226  225  223  220  216  212  206  200  194  188  182  177  173  171  169
  170  171  173  177  180  184  188  192  195  198  201  204  207  210  212  215
  216  218  220  222  223  224  226  227  228  229  231  232  233  234  235  235
  235  235  235  234  234  233  233  233  233
    75.0-180.0 180.0   5.0 450.0                            LAT/LON1/LON2/DLON/H
  232  231  232  232  232  232  232  231  230  229  227  226  223  222  220  219
  217  216  215  213  210  207  202  196  189  182  175  169  164  161  160  161
  163  167  172  178  183  189  194  199  203  206  210  212  215  218  220  223
  225  226  228  229  230  230  231  232  233  234  235  236  237  238  238  237
  236  236  235  234  233  233  232  232  232
    72.5-180.0 180.0   5.0 450.0                            LAT/LON1/LON2/DLON/H
  227  228  228  229  229  230  230  229  228  226  223  219  215  211  208  205
  203  202  202  200  198  195  190  184  177  170  162  157  153  151  152  156
  161  168  176  183  190  197  203  208  211  215  218  221  223  226  229  231
  233  234  235  235  236  235  234  234  235  235  236  237  238  238  238  237
  236  235  232  231  230  229  228  228  227
    70.0-180.0 180.0   5.0 450.0                            LAT/LON1/LON2/DLON/H
  222  222  223  224  225  227  227  227  226  223  219  214  208  202  196  192
  189  187  186  186  184  182  177  172  165  159  152  148  146  147  151  157
  165  174  184  192  200  206  212  216  219  221  224  227  229  232  235  238
  239  240  241  241  239  238  236  235  235  235  236  236  236  237  236  234
  233  231  228  226  224  223  222  222  222
    67.5-180.0 180.0   5.0 450.0                            LAT/LON1/LON2/DLON/H
  215  216  217  218  220  223  224  225  224  222  218  211  203  195  187  181
  177  174  173  172  172  170  166  162  157  151  147  144  145  148  155  163
  173  183  194  202  209  215  218  221  223  225  227  230  233  236  239  242
  244  245  245  244  242  239  237  236  235  234  234  235  235  235  233  232
  229  226  224  221  219  218  217  216  215
    65.0-180.0 180.0   5.0 450.0                            LAT/LON1/LON2/DLON/H
  211  211  212  212  215  217  219  222  222  221  217  211  202  192  183  175
  169  165  163  163  162  160  158  155  151  148  146  146  149  154  163  172
  182  192  202  209  215  219  221  223  224  226  228  231  234  238  242  245
  247  248  248  246  244  240  238  236  236  236  236  236  236  235  232  230
  227  224  221  218  217  215  214  212  211
    62.5-180.0 180.0   5.0 450.0                            LAT/LON1/LON2/DLON/H
  211  209  208  208  209  211  213  217  219  220  218  213  204  195  184  174
  167  161  159  157  155  154  152  151  149  148  149  152  157  163  172  181
  190  198  205  211  215  218  220  221  222  224  227  230  235  239  243  247
  249  250  249  247  245  243  241  240  240  240  240  240  240  238  235  232
  228  225  222  220  218  217  215  213  211
    60.0-180.0 180.0   5.0 450.0                            LAT/LON1/LON2/DLON/H
  215  212  208  206  204  205  207  211  215  217  218  216  210  201  191  180
  172  164  159  156  153  152  152  151  152  153  156  161  167  174  181  187
  192  198  202  206  210  213  216  218  220  222  226  230  235  239  244  248
  251  251  251  249  248  246  246  246  247  248  249  249  247  245  241  237
  233  230  228  226  225  224  222  219  215
    57.5-180.0 180.0   5.0 450.0                            LAT/LON1/LON2/DLON/H
  225  220  214  209  205  203  203  205  210  215  219  219  216  210  201  190
  180  172  165  160  157  155  155  155  157  161  166  172  177  183  186  188
  189  190  193  196  200  206  211  215  219  222  226  231  236  241  246  250
  252  254  254  254  253  253  254  255  257  260  261  260  258  256  251  246
  242  239  237  237  236  235  234  230  225
    55.0-180.0 180.0   5.0 450.0                            LAT/LON1/LON2/DLON/H
  240  234  226  218  210  205  203  204  208  213  219  223  223  220  212  203
  193  183  175  169  165  163  163  165  168  172  178  183  187  188  187  184
  181  179  179  182  189  198  206  214  220  225  230  235  240  245  251  255
  257  259  260  261  261  262  264  267  270  272  274  273  271  268  263  258
  254  250  250  250  250  251  249  246  240
    52.5-180.0 180.0   5.0 450.0                            LAT/LON1/LON2/DLON/H
  258  251  242  233  223  215  209  207  209  214  220  226  229  228  223  215
  205  197  188  182  178  175  175  178  182  186  191  194  194  191  185  177
  170  164  163  168  177  191  204  216  225  231  236  242  247  253  258  263
  266  269  270  272  273  274  277  280  283  286  286  286  283  279  275  270
  266  263  263  264  265  266  265  263  258
    50.0-180.0 180.0   5.0 450.0                            LAT/LON1/LON2/DLON/H
  277  271  263  253  242  231  223  218  217  219  224  230  234  234  231  224
  217  209  203  197  192  190  189  193  197  202  205  205  200  192  181  169
  158  151  149  155  168  185  204  220  232  240  245  250  256  262  268  274
  279  283  285  288  289  290  292  294  296  298  298  297  294  291  286  282
  279  276  276  276  279  281  281  280  277
    47.5-180.0 180.0   5.0 450.0                            LAT/LON1/LON2/DLON/H
  295  291  284  275  264  254  243  236  232  230  232  235  237  237  234  230
  225  220  215  211  207  205  205  208  212  216  218  214  205  192  176  161
  148  140  140  146  161  183  206  226  240  249  256  261  267  274  282  290
  296  301  304  306  308  309  310  310  310  310  309  306  303  300  296  293
  291  289  289  289  291  294  296  296  295
    45.0-180.0 180.0   5.0 450.0                            LAT/LON1/LON2/DLON/H
  311  309  304  297  289  279  268  259  251  246  244  243  242  239  235  231
  228  226  224  222  219  218  218  221  226  230  229  222  209  192  173  156
  144  137  136  144  160  183  209  232  249  260  267  273  280  288  298  307
  315  321  325  328  330  329  328  326  324  322  318  315  311  308  306  305
  303  302  301  301  302  305  308  310  311
    42.5-180.0 180.0   5.0 450.0                            LAT/LON1/LON2/DLON/H
  325  325  322  318  312  305  296  285  275  265  259  253  248  241  235  230
  228  229  230  230  228  227  227  231  237  241  238  229  213  193  173  156
  145  140  140  148  163  186  213  238  258  271  279  286  293  302  313  324
  333  340  346  351  352  351  347  344  340  335  330  325  320  317  316  317
  317  316  314  313  314  316  319  323  325
    40.0-180.0 180.0   5.0 450.0                            LAT/LON1/LON2/DLON/H
  338  338  338  335  332  328  320  310  298  286  276  267  257  246  236  229
  228  230  233  234  233  232  233  238  245  250  247  236  218  197  176  162
  154  150  151  157  170  191  218  244  266  280  290  297  305  315  326  338
  349  357  365  371  375  374  370  365  360  354  347  340  334  330  331  332
  333  332  330  328  326  327  331  335  338
    37.5-180.0 180.0   5.0 450.0                            LAT/LON1/LON2/DLON/H
  351  352  352  350  349  346  340  331  319  306  293  281  269  254  241  231
  229  230  233  235  236  235  237  244  253  260  257  244  225  204  185  173
  167  166  167  171  181  198  222  248  271  289  300  308  315  324  336  348
  359  369  379  388  394  396  393  389  385  379  372  362  354  350  350  352
  353  352  348  345  342  343  345  349  351
    35.0-180.0 180.0   5.0 450.0                            LAT/LON1/LON2/DLON/H
  368  368  367  364  363  361  357  349  337  323  310  297  283  266  250  238
  232  231  232  235  237  238  242  252  264  271  269  255  235  213  196  187
  185  185  185  186  191  204  225  251  275  295  308  315  321  328  340  353
  364  375  387  399  410  416  417  417  416  412  405  395  385  378  376  378
  377  374  371  366  362  362  363  366  368
    32.5-180.0 180.0   5.0 450.0                            LAT/LON1/LON2/DLON/H
  391  389  385  381  378  376  371  363  352  338  325  313  299  282  264  249
  238  233  232  234  238  243  252  265  280  287  283  268  246  224  208  201
  201  201  200  197  198  207  225  250  276  297  312  319  323  328  339  352
  363  375  389  406  422  434  441  447  452  453  448  437  424  415  410  408
  407  402  396  390  387  386  388  390  391
    30.0-180.0 180.0   5.0 450.0                            LAT/LON1/LON2/DLON/H
  421  417  411  404  398  393  388  378  366  353  340  329  316  300  281  263
  248  237  232  234  242  253  268  285  300  307  299  281  256  233  217  210
  210  211  207  202  200  206  221  245  272  295  311  318  320  324  333  345
  357  370  387  408  430  449  464  478  490  497  494  484  469  456  448  443
  439  433  426  419  415  415  418  420  421
    27.5-180.0 180.0   5.0 450.0                            LAT/LON1/LON2/DLON/H
  457  453  444  434  426  418  410  398  383  368  357  347  336  320  301  280
  260  244  236  238  250  267  288  309  324  328  315  291  262  236  218  211
  210  209  204  197  193  198  212  235  261  286  304  311  313  316  324  337
  349  364  383  408  435  461  485  506  524  537  538  529  514  498  485  478
  472  465  457  450  446  448  452  455  457
    25.0-180.0 180.0   5.0 450.0                            LAT/LON1/LON2/DLON/H
  497  493  483  472  462  453  442  426  407  390  376  367  357  343  322  300
  276  255  243  245  260  284  311  334  347  345  325  295  261  231  210  200
  198  195  189  183  181  185  198  219  245  270  290  299  302  306  314  327
  342  358  380  408  439  471  501  529  552  566  571  564  550  534  520  510
  503  496  487  480  478  480  487  494  497
    22.5-180.0 180.0   5.0 450.0                            LAT/LON1/LON2/DLON/H
  536  535  526  515  504  495  482  463  439  417  401  389  380  366  345  319
  293  269  254  255  274  303  333  356  364  354  326  289  250  216  191  179
  174  171  166  163  163  168  180  198  222  248  269  283  289  296  307  321
  337  357  380  410  445  481  514  544  567  582  589  586  575  560  546  536
  529  522  514  507  505  509  519  530  536
    20.0-180.0 180.0   5.0 450.0                            LAT/LON1/LON2/DLON/H
  570  571  565  555  547  541  530  507  478  449  427  413  401  386  365  339
  311  286  269  270  289  320  351  370  370  352  315  272  228  192  166  151
  145  142  140  139  142  149  160  175  196  221  245  264  277  288  302  320
  339  360  386  418  454  490  524  552  572  584  591  592  587  576  563  554
  548  543  536  529  528  533  546  560  570
    17.5-180.0 180.0   5.0 450.0                            LAT/LON1/LON2/DLON/H
  596  600  595  589  585  584  576  553  517  482  453  434  420  403  380  355
  329  304  286  284  303  332  360  373  365  337  294  246  202  165  138  123
  116  114  114  117  123  130  138  149  168  193  221  246  266  285  305  325
  347  370  397  429  465  502  533  556  570  578  584  589  589  582  573  565
  562  559  552  546  545  550  565  583  596
    15.0-180.0 180.0   5.0 450.0                            LAT/LON1/LON2/DLON/H
  613  619  615  611  611  615  612  589  551  509  473  448  431  413  391  367
  343  319  302  298  312  338  359  363  346  310  263  214  171  137  112   98
   91   92   94   99  107  113  118  125  141  167  200  232  261  286  311  336
  360  384  411  442  478  513  542  560  568  572  576  584  588  586  578  572
  570  569  565  559  556  561  575  596  613
    12.5-180.0 180.0   5.0 450.0                            LAT/LON1/LON2/DLON/H
  621  627  625  620  621  629  630  609  569  522  482  453  433  414  393  371
  351  331  313  307  315  334  345  340  316  275  228  182  143  114   93   81
   77   77   81   87   93   98  100  104  119  147  184  223  259  291  320  347
  372  398  424  455  490  525  552  567  571  572  576  585  592  591  583  578
  577  578  576  571  566  569  583  604  621
    10.0-180.0 180.0   5.0 450.0                            LAT/LON1/LON2/DLON/H
  629  633  628  619  617  624  626  606  567  519  476  445  425  406  386  367
  351  335  319  310  312  319  320  307  277  236  192  152  121   98   83   74
   71   71   75   80   84   86   85   88  103  133  174  217  258  295  328  357
  383  407  434  464  499  535  563  579  584  585  590  600  606  602  591  584
  584  586  586  581  575  577  591  611  629
     7.5-180.0 180.0   5.0 450.0                            LAT/LON1/LON2/DLON/H
  640  643  632  615  605  605  602  582  544  498  457  426  407  391  372  356
  344  332  318  307  300  296  286  265  234  196  158  128  106   90   81   74
   72   72   73   76   77   77   74   77   93  125  167  213  257  297  331  360
  385  410  436  467  503  542  573  593  603  609  616  624  627  618  602  591
  589  593  596  593  587  589  602  623  640
     5.0-180.0 180.0   5.0 450.0                            LAT/LON1/LON2/DLON/H
  658  660  644  619  597  584  570  543  505  464  427  400  384  370  354  341
  333  324  312  298  284  268  247  221  191  159  131  110   96   87   82   80
   78   76   75   73   71   69   66   70   87  118  161  206  251  291  326  355
  379  403  430  461  500  542  578  605  622  635  645  652  649  633  611  595
  592  598  604  604  600  603  619  641  658
     2.5-180.0 180.0   5.0 450.0                            LAT/LON1/LON2/DLON/H
  682  685  666  634  603  575  545  508  467  427  393  372  360  349  336  325
  318  312  301  286  265  239  210  182  155  130  111   98   91   88   87   86
   84   81   77   72   66   62   60   65   82  112  151  195  239  280  313  341
  365  390  416  447  487  532  574  607  633  653  667  673  664  641  613  593
  588  595  604  608  609  617  637  663  682
