data/corinthe/IONEX/igsg1630.15i
     1.0            IONOSPHERE MAPS     MIX                 IONEX VERSION / TYPE
cmpcmb v1.2          GRL/UWM            29-jun-15 23:04     PGM / RUN BY / DATE 
ionex file containing IGS COMBINED Ionosphere maps          COMMENT             
global ionosphere maps for day 163, 2015                    DESCRIPTION         
IONEX file containing the COMBINED IGS TEC MAPS and DCBs    DESCRIPTION         
      IONEX files of the following IAACs were combined: cod DESCRIPTION         
                                                        jpl DESCRIPTION         
Contact address: Andrzej Krankowski                         DESCRIPTION
                 Geodynamics Research Laboratory            DESCRIPTION
                 University of Warmia and Mazury (GRL/UWM)  DESCRIPTION
                 Oczapowski St. 1                           DESCRIPTION
                 10-957-Olsztyn, POLAND                     DESCRIPTION
                 e-mail:  kand@uwm.edu.pl                   DESCRIPTION
                                                            DESCRIPTION         
  2015     6    12     0     0     0                        EPOCH OF FIRST MAP  
  2015     6    13     0     0     0                        EPOCH OF LAST MAP   
  7200                                                      INTERVAL            
    13                                                      # OF MAPS IN FILE   
  COSZ                                                      MAPPING FUNCTION    
     0.0                                                    ELEVATION CUTOFF    
combined TEC calculated as weighted mean of input TEC valuesOBSERVABLES USED    
   309                                                      # OF STATIONS       
    32                                                      # OF SATELLITES     
  6371.0                                                    BASE RADIUS         
     2                                                      MAP DIMENSION       
   450.0 450.0   0.0                                        HGT1 / HGT2 / DHGT  
    87.5 -87.5  -2.5                                        LAT1 / LAT2 / DLAT  
  -180.0 180.0   5.0                                        LON1 / LON2 / DLON  
    -1                                                      EXPONENT            
TEC values in 0.1 tec units;  9999, if no value available   COMMENT             
DCB values in nanoseconds, reference is Sum_of_SatDCBs = 0  COMMENT             
                                                            END OF HEADER       
[from data line 2574]
     7                                                      START OF TEC MAP    
  2015     6    12    12     0     0                        EPOCH OF CURRENT MAP
    87.5-180.0 180.0   5.0 450.0                            LAT/LON1/LON2/DLON/H
  213  213  213  213  214  214  214  215  215  216  216  217  218  218  219  219
  220  220  221  221  222  222  222  223  223  223  222  222  222  222  222  222
  221  221  221  220  219  219  219  218  218  218  217  217  217  217  217  217
  217  217  216  216  216  216  216  216  216  215  215  215  215  215  215  215
  214  214  214  214  213  213  213  213  213
    85.0-180.0 180.0   5.0 450.0                            LAT/LON1/LON2/DLON/H
  207  207  207  207  207  208  209  210  211  212  214  215  216  217  219  220
  221  222  223  224  225  225  226  226  227  227  227  227  227  226  226  225
  224  223  222  221  221  219  218  217  216  216  215  215  215  214  214  214
  215  215  216  216  217  217  217  217  218  217  217  217  216  215  215  214
  213  212  211  210  209  209  208  207  207
    82.5-180.0 180.0   5.0 450.0                            LAT/LON1/LON2/DLON/H
  200  200  199  200  200  201  202  204  205  208  210  212  214  216  218  219
  221  223  224  225  226  227  228  229  229  229  229  229  229  228  228  227
  226  225  223  221  220  217  216  214  213  212  211  211  210  211  212  212
  214  215  216  218  219  220  221  222  222  222  222  221  220  219  218  216
  214  212  210  208  206  204  203  202  200
    80.0-180.0 180.0   5.0 450.0                            LAT/LON1/LON2/DLON/H
  194  193  192  193  193  194  196  198  200  203  206  208  211  213  215  217
  219  221  222  223  225  226  227  227  228  229  229  229  229  229  228  227
  226  225  223  220  218  215  213  211  209  207  207  207  207  208  210  212
  214  216  219  221  224  225  227  228  229  229  229  228  227  226  223  220
  217  214  211  208  205  201  199  196  194
    77.5-180.0 180.0   5.0 450.0                            LAT/LON1/LON2/DLON/H
  190  188  187  186  187  188  190  193  196  199  202  205  207  210  212  213
  215  217  218  218  220  220  221  222  223  224  225  226  226  226  227  226
  225  224  222  219  216  213  210  208  205  204  203  203  205  207  209  213
  216  219  223  226  229  231  233  235  235  236  236  235  233  232  229  226
  223  219  214  210  205  201  197  193  190
    75.0-180.0 180.0   5.0 450.0                            LAT/LON1/LON2/DLON/H
  187  184  182  182  182  184  186  189  193  197  200  202  204  206  208  209
  210  211  211  212  212  213  214  215  215  216  218  220  221  222  223  224
  224  223  221  219  215  212  208  205  203  202  202  202  205  208  211  215
  219  224  228  231  234  237  238  239  240  240  240  240  238  236  234  232
  228  224  219  214  208  202  197  192  187
    72.5-180.0 180.0   5.0 450.0                            LAT/LON1/LON2/DLON/H
  186  182  180  179  180  181  184  188  191  195  198  200  202  203  204  205
  205  205  205  205  205  205  205  206  207  208  210  213  215  217  219  221
  222  222  221  219  215  211  208  205  202  201  202  204  208  211  216  221
  225  229  232  235  237  239  239  241  241  241  241  241  240  239  238  236
  234  230  225  219  212  205  198  192  186
    70.0-180.0 180.0   5.0 450.0                            LAT/LON1/LON2/DLON/H
  186  181  178  177  177  179  182  186  190  193  196  199  200  201  201  201
  200  200  199  199  198  198  198  199  200  201  203  206  210  213  216  219
  221  222  221  219  216  212  208  205  203  203  205  208  213  217  223  227
  230  234  236  237  238  238  238  238  238  239  240  240  241  241  241  241
  239  235  231  225  218  209  201  193  186
    67.5-180.0 180.0   5.0 450.0                            LAT/LON1/LON2/DLON/H
  187  181  177  175  175  177  179  182  186  190  193  196  197  199  198  198
  197  196  194  194  194  193  193  194  195  197  199  203  206  211  214  218
  221  222  222  221  218  213  210  207  206  207  210  214  220  225  229  233
  235  237  237  236  236  235  234  235  236  237  240  242  243  245  246  245
  244  241  237  230  222  213  204  195  187
    65.0-180.0 180.0   5.0 450.0                            LAT/LON1/LON2/DLON/H
  187  180  176  173  171  171  173  176  179  183  187  191  193  195  195  194
  194  192  192  191  191  191  192  192  193  196  198  202  206  211  215  219
  222  224  224  223  220  216  213  210  210  212  216  222  228  233  236  238
  239  238  237  235  233  231  231  233  235  239  243  246  249  251  252  251
  249  245  241  234  226  216  206  196  187
    62.5-180.0 180.0   5.0 450.0                            LAT/LON1/LON2/DLON/H
  187  180  174  169  166  165  164  165  168  173  178  183  186  189  191  191
  190  189  189  189  190  190  192  193  194  197  201  205  210  215  219  223
  225  227  227  226  223  219  216  214  215  218  223  229  235  239  241  242
  241  238  235  233  231  230  231  235  241  246  252  257  260  261  260  259
  254  249  243  236  228  218  207  197  187
    60.0-180.0 180.0   5.0 450.0                            LAT/LON1/LON2/DLON/H
  187  178  171  165  159  155  152  152  154  158  165  171  177  181  183  185
  186  186  187  187  188  190  192  195  198  201  205  210  216  222  226  229
  232  233  232  230  227  223  220  219  221  225  230  236  241  245  245  244
  241  238  235  232  232  234  237  244  252  261  268  273  274  274  271  266
  259  252  244  236  228  218  207  197  187
    57.5-180.0 180.0   5.0 450.0                            LAT/LON1/LON2/DLON/H
  187  177  168  159  151  144  139  137  138  143  150  157  165  170  175  178
  180  182  183  185  187  189  193  197  201  206  212  218  224  231  236  239
  240  241  239  236  232  228  225  225  227  231  237  243  247  249  248  246
  242  238  236  235  237  241  249  259  271  282  289  293  292  288  282  273
  263  253  244  235  226  217  207  196  187
    55.0-180.0 180.0   5.0 450.0                            LAT/LON1/LON2/DLON/H
  185  175  165  154  144  134  127  122  123  128  135  143  152  159  165  170
  174  177  179  182  184  188  193  198  204  211  218  226  235  242  247  250
  251  250  247  243  237  233  230  231  233  238  244  249  252  253  251  247
  243  240  240  241  246  253  264  279  293  306  312  312  308  299  289  277
  263  252  242  233  224  215  205  195  185
    52.5-180.0 180.0   5.0 450.0                            LAT/LON1/LON2/DLON/H
  183  172  162  151  139  127  118  112  111  115  123  131  140  147  155  162
  168  172  175  179  182  187  193  199  207  215  225  235  245  254  259  262
  263  261  257  251  245  240  238  238  241  246  252  257  259  258  255  250
  247  245  246  250  256  267  282  299  316  328  332  328  319  306  291  276
  262  249  238  229  221  212  202  192  183
    50.0-180.0 180.0   5.0 450.0                            LAT/LON1/LON2/DLON/H
  179  169  160  149  136  123  113  106  105  108  115  123  131  138  146  154
  162  169  173  176  181  185  192  200  209  218  230  242  254  264  271  274
  275  272  268  263  256  250  247  248  251  256  262  266  267  265  261  256
  252  252  253  259  267  279  296  314  332  344  345  337  323  306  289  272
  257  244  233  224  216  208  198  188  179
    47.5-180.0 180.0   5.0 450.0                            LAT/LON1/LON2/DLON/H
  174  166  158  148  136  124  112  105  104  106  112  119  125  132  140  149
  159  167  173  176  180  186  193  201  211  222  234  248  262  273  281  285
  286  285  282  276  270  264  262  262  265  270  275  279  279  276  271  265
  261  260  262  267  276  287  304  322  339  349  347  335  319  300  282  266
  252  240  229  222  213  203  193  183  174
    45.0-180.0 180.0   5.0 450.0                            LAT/LON1/LON2/DLON/H
  170  163  157  150  140  127  116  108  107  111  116  120  124  129  136  146
  157  168  175  179  184  189  196  204  214  226  239  253  268  280  288  293
  296  298  298  295  290  286  283  284  286  290  294  297  296  291  285  278
  273  270  270  274  281  290  305  321  335  342  338  325  307  289  274  261
  248  237  229  220  211  201  190  179  170
    42.5-180.0 180.0   5.0 450.0                            LAT/LON1/LON2/DLON/H
  168  162  159  155  146  134  122  115  115  119  125  126  127  129  135  145
  158  171  180  185  189  194  201  209  219  230  244  259  273  284  294  301
  307  312  317  318  317  315  314  314  315  317  319  320  318  313  305  296
  288  282  279  279  282  289  300  312  323  326  321  308  293  279  268  258
  248  240  231  222  213  202  190  178  168
    40.0-180.0 180.0   5.0 450.0                            LAT/LON1/LON2/DLON/H
  171  165  164  161  154  142  131  124  126  131  137  137  134  132  135  145
  160  175  187  194  198  202  209  217  227  237  250  264  277  288  298  307
  317  327  338  346  351  353  353  352  351  350  350  350  347  340  331  320
  308  298  291  287  286  290  296  303  309  309  302  291  281  272  267  261
  255  247  239  230  220  208  194  181  171
    37.5-180.0 180.0   5.0 450.0                            LAT/LON1/LON2/DLON/H
  179  173  172  171  164  152  141  135  137  145  150  149  142  136  137  147
  163  181  195  203  208  213  220  228  236  246  258  270  281  292  301  312
  327  344  362  378  389  396  397  395  392  388  386  384  380  373  362  348
  333  319  307  301  298  298  300  303  303  300  293  284  277  274  274  272
  267  260  251  242  231  219  205  191  179
    35.0-180.0 180.0   5.0 450.0                            LAT/LON1/LON2/DLON/H
  193  186  185  184  177  165  152  145  149  158  166  163  151  141  140  149
  166  186  203  214  221  227  234  242  249  258  268  278  287  296  305  318
  338  361  387  409  427  439  443  440  435  429  426  423  418  409  397  381
  363  346  333  325  321  320  320  319  315  307  298  291  287  288  290  291
  286  278  267  256  246  234  221  206  193
    32.5-180.0 180.0   5.0 450.0                            LAT/LON1/LON2/DLON/H
  211  203  201  200  193  179  165  157  159  171  179  175  160  147  142  150
  168  190  211  226  236  243  251  257  264  272  279  287  294  301  309  325
  349  379  409  438  461  478  485  483  476  470  465  461  455  446  434  417
  400  382  368  361  359  359  359  356  348  336  324  316  312  313  315  315
  309  298  285  274  263  252  240  225  211
    30.0-180.0 180.0   5.0 450.0                            LAT/LON1/LON2/DLON/H
  230  221  219  218  210  196  179  169  170  181  190  185  167  151  145  152
  169  194  218  238  252  262  269  275  280  287  293  298  302  307  316  334
  361  394  428  460  488  509  519  518  512  505  499  495  490  481  469  454
  439  424  414  411  412  416  416  411  399  383  367  354  349  346  345  341
  332  318  303  290  279  269  259  245  230
    27.5-180.0 180.0   5.0 450.0                            LAT/LON1/LON2/DLON/H
  248  238  235  234  227  212  193  181  180  190  197  191  172  154  147  153
  170  196  223  248  267  279  286  292  296  301  306  309  311  315  324  344
  373  407  442  475  504  529  542  543  538  531  526  522  518  511  502  490
  479  469  465  468  474  479  480  473  457  436  414  397  386  378  372  364
  351  335  318  303  293  284  275  262  248
    25.0-180.0 180.0   5.0 450.0                            LAT/LON1/LON2/DLON/H
  261  251  248  247  241  227  208  192  189  195  201  194  174  155  148  153
  170  197  227  256  278  292  300  305  309  313  317  320  321  325  336  356
  386  419  451  482  512  538  553  556  552  546  542  539  537  534  528  521
  515  513  516  523  534  542  542  531  510  483  455  432  415  401  390  377
  362  344  326  312  302  294  286  274  261
    22.5-180.0 180.0   5.0 450.0                            LAT/LON1/LON2/DLON/H
  269  258  255  255  251  238  219  202  196  198  202  193  174  156  149  154
  170  197  229  260  284  300  308  313  318  322  326  328  332  337  349  371
  399  429  458  484  512  538  554  559  555  551  548  548  549  550  548  547
  546  550  558  571  584  591  589  573  547  514  481  451  427  407  391  376
  361  344  328  315  305  298  292  282  269
    20.0-180.0 180.0   5.0 450.0                            LAT/LON1/LON2/DLON/H
  272  262  257  257  253  242  225  208  200  200  200  190  171  156  149  154
  169  195  227  259  284  299  308  314  320  326  331  336  342  351  365  387
  413  439  463  485  509  533  548  552  550  547  547  551  557  562  564  565
  569  576  588  603  616  621  614  594  563  525  486  450  420  395  375  359
  347  335  322  311  301  296  293  284  272
    17.5-180.0 180.0   5.0 450.0                            LAT/LON1/LON2/DLON/H
  273  262  255  253  250  240  226  210  200  198  196  185  169  156  150  153
  167  191  222  253  277  292  301  310  318  326  333  341  351  364  382  404
  428  451  470  487  507  527  539  543  542  542  545  553  563  571  575  578
  582  590  602  617  629  631  620  596  560  519  476  435  399  369  348  334
  325  318  310  300  292  290  289  284  273
    15.0-180.0 180.0   5.0 450.0                            LAT/LON1/LON2/DLON/H
  273  260  251  245  241  233  221  207  197  194  190  180  166  155  151  152
  164  186  214  243  265  278  289  301  313  325  335  346  360  379  400  422
  444  464  480  494  509  524  534  536  536  539  546  558  571  581  586  586
  587  593  604  618  627  626  613  586  551  507  462  416  375  341  319  307
  302  300  295  286  280  281  284  282  273
    12.5-180.0 180.0   5.0 450.0                            LAT/LON1/LON2/DLON/H
  273  259  246  237  231  223  212  200  191  187  183  174  163  155  151  151
  159  178  205  230  250  263  276  292  310  324  338  352  371  394  417  441
  462  479  493  504  516  526  533  536  538  543  553  568  582  591  594  590
  588  590  600  611  618  614  600  577  543  502  453  404  358  322  299  288
  285  286  282  272  268  272  280  281  273
    10.0-180.0 180.0   5.0 450.0                            LAT/LON1/LON2/DLON/H
  276  262  246  232  222  214  203  192  184  179  175  168  160  154  150  147
  152  169  193  217  235  249  265  286  309  327  343  360  382  408  434  458
  478  494  506  518  527  535  540  544  549  556  567  581  594  601  599  592
  587  587  593  602  606  603  593  575  548  509  460  407  357  320  297  285
  280  279  274  264  259  267  279  283  276
     7.5-180.0 180.0   5.0 450.0                            LAT/LON1/LON2/DLON/H
  282  266  247  230  217  207  196  184  175  170  166  161  155  152  147  143
  144  158  182  205  222  238  257  284  311  333  350  370  394  422  450  473
  491  506  519  530  539  547  553  559  565  572  581  591  600  603  599  591
  584  583  588  595  599  597  593  584  565  529  480  423  373  336  315  301
  290  283  274  263  258  267  281  287  282
     5.0-180.0 180.0   5.0 450.0                            LAT/LON1/LON2/DLON/H
  288  272  252  233  217  204  192  180  168  161  157  154  150  148  143  136
  135  148  170  193  212  230  254  285  317  341  360  379  405  434  461  484
  500  514  526  538  547  556  566  574  580  585  589  593  597  596  589  582
  579  581  586  590  592  593  596  597  586  555  504  447  397  362  343  327
  309  293  279  268  264  273  287  293  288
     2.5-180.0 180.0   5.0 450.0                            LAT/LON1/LON2/DLON/H
  293  278  258  237  219  206  192  178  164  155  149  147  145  142  136  127
  125  137  159  183  204  226  254  288  322  348  367  387  413  441  467  487
  502  515  526  537  548  559  571  580  585  586  583  581  578  573  568  566
  568  574  579  583  583  587  594  603  601  572  521  465  418  387  370  353
  328  304  286  274  272  281  293  298  293
