data/corinthe/IONEX/igsg1610.15i
     1.0            IONOSPHERE MAPS     MIX                 IONEX VERSION / TYPE
cmpcmb v1.2          GRL/UWM            29-jun-15 22:56     PGM / RUN BY / DATE 
ionex file containing IGS COMBINED Ionosphere maps          COMMENT             
global ionosphere maps for day 161, 2015                    DESCRIPTION         
IONEX file containing the COMBINED IGS TEC MAPS and DCBs    DESCRIPTION         
      IONEX files of the following IAACs were combined: cod DESCRIPTION         
                                                        jpl DESCRIPTION         
Contact address: Andrzej Krankowski                         DESCRIPTION
                 Geodynamics Research Laboratory            DESCRIPTION
                 University of Warmia and Mazury (GRL/UWM)  DESCRIPTION
                 Oczapowski St. 1                           DESCRIPTION
                 10-957-Olsztyn, POLAND                     DESCRIPTION
                 e-mail:  kand@uwm.edu.pl                   DESCRIPTION
                                                            DESCRIPTION         
  2015     6    10     0     0     0                        EPOCH OF FIRST MAP  
  2015     6    11     0     0     0                        EPOCH OF LAST MAP   
  7200                                                      INTERVAL            
    13                                                      # OF MAPS IN FILE   
  COSZ                                                      MAPPING FUNCTION    
     0.0                                                    ELEVATION CUTOFF    
combined TEC calculated as weighted mean of input TEC valuesOBSERVABLES USED    
   322                                                      # OF STATIONS       
    32                                                      # OF SATELLITES     
  6371.0                                                    BASE RADIUS         
     2                                                      MAP DIMENSION       
   450.0 450.0   0.0                                        HGT1 / HGT2 / DHGT  
    87.5 -87.5  -2.5                                        LAT1 / LAT2 / DLAT  
  -180.0 180.0   5.0                                        LON1 / LON2 / DLON  
    -1                                                      EXPONENT            
TEC values in 0.1 tec units;  9999, if no value available   COMMENT             
DCB values in nanoseconds, reference is Sum_of_SatDCBs = 0  COMMENT             
                                                            END OF HEADER       
[from data line 4719]
    12                                                      START OF TEC MAP    
  2015     6    10    22     0     0                        EPOCH OF CURRENT MAP
    87.5-180.0 180.0   5.0 450.0                            LAT/LON1/LON2/DLON/H
  148  148  149  149  149  149  149  149  149  148  148  148  148  147  147  146
  145  145  144  143  143  142  141  140  139  138  137  136  135  135  134  133
  132  132  131  130  130  129  129  129  129  129  129  130  130  131  132  132
  133  134  134  135  136  137  138  139  140  140  141  142  142  143  144  145
  145  146  146  146  147  147  147  148  148
    85.0-180.0 180.0   5.0 450.0                            LAT/LON1/LON2/DLON/H
  160  160  161  161  162  162  163  163  163  163  163  162  162  162  161  161
  159  158  157  156  154  153  151  150  147  146  144  142  140  139  137  135
  133  131  129  128  127  126  126  125  125  126  126  127  128  130  131  132
  135  136  138  140  142  143  145  147  148  150  151  152  153  154  154  155
  155  156  156  157  158  158  159  159  160
    82.5-180.0 180.0   5.0 450.0                            LAT/LON1/LON2/DLON/H
  170  171  172  173  174  175  176  177  178  179  178  178  178  178  177  176
  175  174  172  170  169  166  165  162  161  158  156  153  151  148  145  143
  140  137  135  133  131  130  129  128  127  128  128  129  131  133  135  137
  140  143  146  149  152  154  156  159  160  161  162  164  164  165  165  165
  165  166  166  166  167  167  168  169  170
    80.0-180.0 180.0   5.0 450.0                            LAT/LON1/LON2/DLON/H
  177  179  181  183  185  187  189  190  191  193  194  194  194  193  192  191
  189  188  186  184  182  180  178  176  174  172  170  167  165  161  159  155
  153  149  147  143  141  139  137  135  135  134  135  136  137  139  142  145
  149  153  156  160  163  166  169  171  172  173  173  174  174  174  173  173
  173  172  172  172  173  173  174  175  177
    77.5-180.0 180.0   5.0 450.0                            LAT/LON1/LON2/DLON/H
  180  183  185  189  192  195  198  201  203  205  206  207  207  206  204  202
  200  198  196  194  192  190  189  187  186  185  182  180  178  175  171  168
  165  162  159  156  154  152  149  147  145  144  144  144  146  148  150  154
  158  162  165  169  173  175  178  179  180  180  181  181  180  179  178  177
  176  175  174  174  174  175  176  178  180
    75.0-180.0 180.0   5.0 450.0                            LAT/LON1/LON2/DLON/H
  181  184  188  192  196  201  205  208  212  215  217  217  217  216  214  211
  208  204  201  200  198  196  195  194  194  192  191  188  186  183  180  177
  174  172  170  167  165  163  161  159  157  155  153  153  154  155  157  160
  164  168  172  175  178  180  182  183  184  184  183  182  181  179  178  177
  175  174  173  173  173  174  176  178  181
    72.5-180.0 180.0   5.0 450.0                            LAT/LON1/LON2/DLON/H
  180  185  189  194  199  204  209  214  218  222  225  226  225  224  220  217
  213  208  205  202  199  199  198  197  197  196  194  193  190  187  184  180
  178  176  175  174  174  173  171  169  166  163  161  159  158  159  160  163
  167  171  174  178  180  182  183  183  184  183  182  182  180  179  178  176
  173  172  171  171  171  172  174  177  180
    70.0-180.0 180.0   5.0 450.0                            LAT/LON1/LON2/DLON/H
  181  185  190  195  200  206  212  218  223  228  231  233  232  230  226  221
  216  211  207  204  202  201  200  199  199  197  195  193  190  186  182  179
  176  175  175  176  177  177  177  174  171  167  163  160  159  159  160  162
  166  170  173  176  178  180  181  181  181  181  181  180  180  179  178  175
  174  172  171  170  171  172  174  178  181
    67.5-180.0 180.0   5.0 450.0                            LAT/LON1/LON2/DLON/H
  185  189  193  198  202  208  214  220  226  232  236  238  239  236  232  227
  222  216  212  209  207  206  204  203  201  198  195  191  187  182  178  175
  172  171  173  175  177  179  179  177  173  167  162  158  156  155  157  159
  163  167  170  173  175  176  177  177  178  180  180  181  182  181  181  179
  176  175  174  172  173  175  178  181  185
    65.0-180.0 180.0   5.0 450.0                            LAT/LON1/LON2/DLON/H
  192  195  198  202  206  210  215  222  228  235  239  243  244  242  239  234
  230  225  221  219  216  215  213  211  207  203  197  191  186  180  175  171
  168  168  169  172  175  178  179  177  172  167  160  155  152  151  152  155
  158  162  165  168  170  172  174  176  178  180  182  185  186  187  187  186
  184  182  180  179  179  181  184  188  192
    62.5-180.0 180.0   5.0 450.0                            LAT/LON1/LON2/DLON/H
  201  204  206  208  211  213  218  223  230  236  242  246  248  248  246  243
  239  236  233  231  230  229  226  223  218  211  203  196  189  182  177  173
  170  169  170  172  176  179  180  178  173  166  159  153  149  148  148  150
  154  158  161  164  167  169  172  176  179  183  188  191  194  196  196  195
  193  191  188  187  188  190  193  197  201
    60.0-180.0 180.0   5.0 450.0                            LAT/LON1/LON2/DLON/H
  212  215  216  217  217  219  222  227  232  238  243  248  251  252  252  250
  249  247  245  244  244  244  242  238  232  223  214  206  198  192  186  182
  178  175  175  176  179  181  182  180  176  169  162  155  150  148  147  148
  151  154  158  161  164  167  172  177  182  188  194  199  202  205  205  204
  202  200  197  196  196  199  203  208  212
    57.5-180.0 180.0   5.0 450.0                            LAT/LON1/LON2/DLON/H
  222  226  227  227  226  227  228  232  236  240  245  249  252  254  255  256
  256  255  255  255  255  256  256  253  246  238  229  221  214  208  203  198
  193  189  186  184  185  186  187  185  181  176  169  163  157  152  150  149
  150  152  155  157  161  165  171  178  186  194  201  207  210  211  212  212
  210  208  205  203  203  206  211  217  222
    55.0-180.0 180.0   5.0 450.0                            LAT/LON1/LON2/DLON/H
  230  235  237  237  237  237  238  240  243  245  247  248  249  252  255  257
  258  258  258  258  260  263  265  264  260  252  245  239  233  229  224  219
  214  207  201  195  193  192  192  191  190  186  180  174  168  162  156  153
  151  151  153  154  157  162  170  179  189  199  206  212  214  216  216  216
  216  214  211  209  209  211  217  224  230
    52.5-180.0 180.0   5.0 450.0                            LAT/LON1/LON2/DLON/H
  236  243  246  248  249  249  251  253  253  252  250  247  248  249  252  255
  256  255  254  255  259  264  268  270  268  264  260  256  253  249  246  241
  234  225  216  208  202  200  199  199  199  198  193  188  180  173  165  159
  155  153  152  152  154  159  167  179  191  203  210  215  216  217  217  217
  218  218  216  213  212  214  220  228  236
    50.0-180.0 180.0   5.0 450.0                            LAT/LON1/LON2/DLON/H
  241  249  255  259  261  264  267  268  266  262  254  249  246  245  248  250
  251  249  246  247  252  259  267  272  273  272  271  269  269  267  265  260
  252  242  231  220  212  208  207  207  209  208  206  201  194  184  176  168
  161  156  154  151  152  157  166  179  193  205  213  216  216  215  216  218
  220  222  220  218  216  218  223  232  241
    47.5-180.0 180.0   5.0 450.0                            LAT/LON1/LON2/DLON/H
  246  257  265  271  275  280  284  286  283  274  263  253  246  244  245  246
  245  241  238  238  244  254  264  272  276  278  278  279  279  279  276  273
  264  254  243  232  223  218  215  216  217  219  217  212  205  195  185  176
  169  163  158  154  152  156  166  179  195  207  215  218  217  216  217  220
  225  228  228  226  223  223  227  236  246
    45.0-180.0 180.0   5.0 450.0                            LAT/LON1/LON2/DLON/H
  255  267  277  285  291  298  303  305  301  290  275  262  253  249  248  247
  242  236  232  233  240  252  265  273  279  281  283  284  284  284  282  278
  272  263  254  245  237  231  227  226  227  227  226  221  214  205  195  186
  178  172  166  160  157  159  167  182  197  210  219  221  220  220  221  227
  234  239  240  238  235  233  237  244  255
    42.5-180.0 180.0   5.0 450.0                            LAT/LON1/LON2/DLON/H
  270  283  294  303  311  318  324  325  321  308  292  277  268  263  259  254
  247  239  234  236  245  259  272  280  285  287  287  288  287  287  285  282
  278  273  266  261  255  249  243  239  237  236  234  230  223  214  205  198
  191  185  178  172  166  166  173  186  201  215  223  227  228  229  232  239
  248  254  257  255  252  250  253  260  270
    40.0-180.0 180.0   5.0 450.0                            LAT/LON1/LON2/DLON/H
  293  305  317  327  335  341  346  348  342  330  315  302  294  288  281  272
  261  251  246  249  261  276  289  296  298  296  296  294  293  292  290  289
  287  285  284  282  278  272  264  255  249  246  244  239  233  225  217  211
  206  201  195  188  181  177  181  191  206  220  229  235  239  243  248  257
  266  274  277  276  275  274  276  282  293
    37.5-180.0 180.0   5.0 450.0                            LAT/LON1/LON2/DLON/H
  322  334  346  356  363  368  371  371  366  356  345  338  333  327  316  302
  286  274  268  273  286  302  314  318  316  313  310  308  306  304  302  302
  302  303  306  308  307  300  288  274  265  258  255  252  247  239  231  226
  222  218  213  206  196  189  190  197  209  222  233  243  251  259  267  277
  286  293  297  299  300  301  305  311  322
    35.0-180.0 180.0   5.0 450.0                            LAT/LON1/LON2/DLON/H
  354  367  379  389  396  399  400  399  394  388  383  383  385  379  364  343
  322  305  300  305  320  336  346  347  342  336  332  329  327  326  324  323
  324  328  333  337  337  328  312  294  280  272  270  268  263  255  247  241
  238  235  230  222  211  201  197  201  210  221  234  248  261  273  284  295
  303  310  315  318  323  328  334  342  354
    32.5-180.0 180.0   5.0 450.0                            LAT/LON1/LON2/DLON/H
  383  399  413  424  431  434  433  429  427  425  428  436  444  440  420  393
  364  344  337  343  358  373  381  379  372  364  360  357  356  355  353  350
  351  353  358  363  363  353  333  311  294  286  285  286  281  271  260  253
  249  246  242  233  220  209  201  201  206  216  230  247  266  283  297  308
  316  322  328  333  341  351  360  370  383
    30.0-180.0 180.0   5.0 450.0                            LAT/LON1/LON2/DLON/H
  408  426  443  458  467  470  468  465  464  467  477  494  506  502  478  444
  411  386  377  382  396  410  414  411  402  393  388  387  388  387  383  378
  375  376  379  382  380  368  345  322  304  297  298  300  295  282  268  259
  253  249  243  234  222  209  201  198  199  206  220  241  264  286  303  315
  322  328  334  342  352  365  378  391  408
    27.5-180.0 180.0   5.0 450.0                            LAT/LON1/LON2/DLON/H
  422  444  466  486  498  503  502  501  504  512  528  550  566  560  533  495
  457  429  417  421  432  441  443  437  427  419  414  413  415  414  407  398
  391  387  387  389  384  370  346  323  306  301  303  307  301  285  268  255
  247  241  235  225  214  203  195  189  188  192  206  229  257  283  302  315
  323  328  334  343  355  370  386  403  422
    25.0-180.0 180.0   5.0 450.0                            LAT/LON1/LON2/DLON/H
  426  452  479  503  521  531  533  535  543  556  576  600  615  609  579  540
  499  470  456  456  462  467  465  456  445  436  431  430  431  429  420  405
  392  384  381  380  373  358  336  313  298  294  298  301  294  276  256  241
  231  224  216  207  198  190  183  178  175  177  190  214  245  274  297  311
  320  327  333  341  354  369  384  403  426
    22.5-180.0 180.0   5.0 450.0                            LAT/LON1/LON2/DLON/H
  422  450  481  510  533  547  555  562  575  593  617  641  654  646  616  577
  537  508  494  489  489  486  479  467  454  443  436  434  433  428  415  395
  378  366  360  358  351  336  314  293  281  278  282  284  275  257  235  219
  208  199  190  183  177  173  169  165  161  162  173  199  232  263  288  306
  317  325  332  340  351  363  379  398  422
    20.0-180.0 180.0   5.0 450.0                            LAT/LON1/LON2/DLON/H
  414  443  474  505  532  551  564  578  597  620  645  668  680  670  643  607
  572  545  529  520  512  501  487  469  453  440  430  424  421  412  396  372
  351  338  331  328  321  306  285  267  256  255  259  259  249  230  209  193
  180  171  163  156  153  153  153  152  149  149  159  184  219  253  281  302
  316  327  335  343  351  361  373  391  414
    17.5-180.0 180.0   5.0 450.0                            LAT/LON1/LON2/DLON/H
  409  435  465  495  523  544  562  581  605  631  658  681  691  684  662  632
  603  581  565  551  534  514  491  467  446  429  415  406  398  387  367  342
  321  307  300  296  289  275  256  239  231  231  234  233  222  204  184  168
  155  146  137  132  131  134  137  139  138  138  149  173  208  244  276  300
  317  332  343  351  357  364  372  387  409
    15.0-180.0 180.0   5.0 450.0                            LAT/LON1/LON2/DLON/H
  410  432  458  483  509  531  552  574  599  627  655  678  691  688  673  653
  632  615  600  581  557  527  495  464  438  416  398  384  372  359  338  313
  292  280  273  270  264  251  234  219  213  214  216  212  201  184  166  149
  136  125  118  114  114  117  124  127  128  130  140  165  200  238  272  299
  321  339  354  363  369  373  380  391  410
    12.5-180.0 180.0   5.0 450.0                            LAT/LON1/LON2/DLON/H
  419  439  459  478  497  517  538  560  586  613  641  665  681  685  679  668
  656  645  633  610  579  541  500  462  431  405  383  364  350  334  314  292
  274  263  258  256  251  239  224  211  207  209  210  204  192  176  157  141
  126  115  108  105  104  107  113  118  120  123  134  159  195  234  271  301
  325  347  365  378  384  388  392  402  419
    10.0-180.0 180.0   5.0 450.0                            LAT/LON1/LON2/DLON/H
  435  454  470  483  496  511  528  548  571  595  620  644  665  677  680  678
  674  669  658  634  598  554  507  464  428  398  373  352  335  319  301  281
  268  261  258  256  253  243  230  220  218  220  219  210  196  178  160  142
  125  115  108  104  102  102  106  109  112  117  129  154  190  231  269  301
  328  352  373  389  398  403  408  419  435
     7.5-180.0 180.0   5.0 450.0                            LAT/LON1/LON2/DLON/H
  454  474  489  497  505  515  527  543  560  579  600  624  647  664  674  679
  682  683  674  649  612  564  514  467  429  397  371  348  329  313  297  283
  275  272  272  271  269  262  252  244  242  243  237  224  207  189  170  151
  134  123  117  113  107  103  102  103  105  110  123  149  184  226  267  299
  327  352  377  396  408  416  423  435  454
     5.0-180.0 180.0   5.0 450.0                            LAT/LON1/LON2/DLON/H
  471  494  511  519  524  530  538  549  559  572  587  606  628  647  661  670
  679  683  675  652  614  566  516  469  431  400  374  351  332  316  303  294
  291  294  296  297  296  290  281  274  270  267  258  242  221  202  183  164
  147  135  130  125  116  106   99   96   96  103  116  141  178  221  261  293
  321  347  373  395  411  423  433  448  471
     2.5-180.0 180.0   5.0 450.0                            LAT/LON1/LON2/DLON/H
  480  510  531  543  548  553  559  563  568  574  583  596  612  629  641  652
  663  669  662  639  603  558  510  467  432  403  378  357  338  323  312  307
  312  319  324  325  322  315  306  298  292  284  271  251  229  210  193  176
  159  148  143  136  123  108   96   89   87   93  107  132  168  211  252  285
  311  337  364  389  408  422  435  453  480
