data/corinthe/IONEX/igsg1600.15i
     1.0            IONOSPHERE MAPS     MIX                 IONEX VERSION / TYPE
cmpcmb v1.2          GRL/UWM            29-jun-15 22:52     PGM / RUN BY / DATE 
ionex file containing IGS COMBINED Ionosphere maps          COMMENT             
global ionosphere maps for day 160, 2015                    DESCRIPTION         
IONEX file containing the COMBINED IGS TEC MAPS and DCBs    DESCRIPTION         
      IONEX files of the following IAACs were combined: cod DESCRIPTION         
                                                        jpl DESCRIPTION         
Contact address: Andrzej Krankowski                         DESCRIPTION
                 Geodynamics Research Laboratory            DESCRIPTION
                 University of Warmia and Mazury (GRL/UWM)  DESCRIPTION
                 Oczapowski St. 1                           DESCRIPTION
                 10-957-Olsztyn, POLAND                     DESCRIPTION
                 e-mail:  kand@uwm.edu.pl                   DESCRIPTION
                                                            DESCRIPTION         
  2015     6     9     0     0     0                        EPOCH OF FIRST MAP  
  2015     6    10     0     0     0                        EPOCH OF LAST MAP   
  7200                                                      INTERVAL            
    13                                                      # OF MAPS IN FILE   
  COSZ                                                      MAPPING FUNCTION    
     0.0                                                    ELEVATION CUTOFF    
combined TEC calculated as weighted mean of input TEC valuesOBSERVABLES USED    
   321                                                      # OF STATIONS       
    32                                                      # OF SATELLITES     
  6371.0                                                    BASE RADIUS         
     2                                                      MAP DIMENSION       
   450.0 450.0   0.0                                        HGT1 / HGT2 / DHGT  
    87.5 -87.5  -2.5                                        LAT1 / LAT2 / DLAT  
  -180.0 180.0   5.0                                        LON1 / LON2 / DLON  
    -1                                                      EXPONENT            
TEC values in 0.1 tec units;  9999, if no value available   COMMENT             
DCB values in nanoseconds, reference is Sum_of_SatDCBs = 0  COMMENT             
                                                            END OF HEADER       
     1                                                      START OF TEC MAP    
  2015     6     9     0     0     0                        EPOCH OF CURRENT MAP
    87.5-180.0 180.0   5.0 450.0                            LAT/LON1/LON2/DLON/H
  152  153  153  153  153  153  153  153  152  151  151  150  149  148  147  146
  145  144  142  141  140  139  137  136  135  133  132  130  129  128  127  126
  125  125  124  123  123  123  123  123  123  123  124  124  125  126  126  127
  128  130  131  132  134  135  136  137  139  140  141  143  143  144  145  147
  147  148  149  150  151  151  152  152  152
    85.0-180.0 180.0   5.0 450.0                            LAT/LON1/LON2/DLON/H
  166  166  166  167  167  167  167  166  166  165  164  163  161  160  158  156
  154  152  150  148  146  143  141  138  135  133  130  128  125  122  120  118
  116  114  113  112  111  110  110  110  111  112  112  114  115  117  118  120
  123  126  128  130  133  135  137  139  142  144  146  148  150  151  153  155
  157  158  160  161  162  163  164  165  166
    82.5-180.0 180.0   5.0 450.0                            LAT/LON1/LON2/DLON/H
  175  176  177  178  178  179  179  179  178  178  176  175  173  171  169  167
  165  162  160  157  154  151  147  144  141  137  133  129  126  122  118  115
  112  109  107  105  104  103  102  102  103  104  105  107  110  112  115  118
  121  125  128  131  134  137  140  143  146  148  151  152  155  157  159  161
  162  164  166  168  169  171  172  174  175
    80.0-180.0 180.0   5.0 450.0                            LAT/LON1/LON2/DLON/H
  181  182  184  186  187  187  188  188  188  188  187  186  184  183  181  178
  176  173  170  167  164  160  157  153  149  145  140  136  131  126  122  117
  114  110  107  104  102  101  100  100  101  102  104  106  108  112  115  118
  122  126  131  134  138  141  144  147  149  152  154  155  157  159  160  162
  164  166  168  170  172  174  176  178  181
    77.5-180.0 180.0   5.0 450.0                            LAT/LON1/LON2/DLON/H
  181  184  188  190  192  194  196  197  197  197  197  196  194  192  190  187
  185  182  180  177  174  171  168  164  160  156  150  144  139  133  128  122
  118  114  111  108  105  104  103  103  103  104  106  108  111  115  119  123
  126  131  135  139  142  145  148  150  153  154  156  156  157  158  159  160
  161  162  164  167  170  173  175  178  181
    75.0-180.0 180.0   5.0 450.0                            LAT/LON1/LON2/DLON/H
  180  184  188  192  196  198  201  204  206  206  207  205  204  201  199  196
  193  190  187  185  182  180  177  173  170  164  159  153  147  140  134  128
  123  119  116  113  111  109  109  108  109  110  112  114  117  120  124  128
  132  136  140  144  147  150  152  154  154  155  156  156  155  155  155  155
  156  157  159  161  165  168  172  176  180
    72.5-180.0 180.0   5.0 450.0                            LAT/LON1/LON2/DLON/H
  177  181  186  191  196  200  205  209  213  215  216  215  214  211  207  203
  199  196  193  190  187  185  183  179  175  169  164  157  151  144  138  132
  127  123  120  118  116  115  114  114  114  115  117  119  123  126  130  135
  139  142  146  149  152  153  155  155  156  155  155  154  153  151  151  150
  150  151  153  155  159  163  167  172  177
    70.0-180.0 180.0   5.0 450.0                            LAT/LON1/LON2/DLON/H
  173  178  183  188  194  200  206  213  218  222  225  225  223  220  215  210
  205  200  196  192  189  186  183  179  175  169  164  157  151  144  137  132
  127  124  122  119  119  118  117  117  118  118  121  124  127  131  136  140
  144  148  151  153  155  156  156  157  156  155  154  153  151  150  148  147
  146  147  148  151  154  159  163  169  173
    67.5-180.0 180.0   5.0 450.0                            LAT/LON1/LON2/DLON/H
  171  174  179  183  189  196  204  213  222  228  232  233  232  228  223  216
  209  202  196  191  187  183  179  175  169  162  156  151  144  139  134  129
  126  123  121  120  118  117  117  117  117  119  122  126  130  135  140  145
  148  151  154  155  157  157  157  157  157  156  155  153  151  150  149  147
  146  146  147  150  153  157  162  166  171
    65.0-180.0 180.0   5.0 450.0                            LAT/LON1/LON2/DLON/H
  171  172  174  178  183  190  200  210  222  230  236  240  239  235  229  222
  213  204  196  189  183  177  171  165  159  152  146  141  136  133  129  126
  123  121  119  118  116  115  113  113  114  116  119  124  130  136  142  147
  151  154  156  156  157  156  156  156  156  156  155  155  154  153  152  151
  150  150  150  153  156  160  164  168  171
    62.5-180.0 180.0   5.0 450.0                            LAT/LON1/LON2/DLON/H
  173  173  172  173  177  184  194  205  218  228  236  241  243  240  235  227
  217  207  196  187  179  171  164  157  149  142  136  132  129  127  126  124
  122  121  119  116  114  111  109  108  108  111  116  121  129  135  142  147
  151  154  155  155  156  155  155  155  155  156  157  157  158  158  157  157
  157  157  157  159  163  166  170  173  173
    60.0-180.0 180.0   5.0 450.0                            LAT/LON1/LON2/DLON/H
  179  177  174  172  174  179  188  200  212  223  233  239  243  243  239  232
  222  211  199  188  178  168  161  153  145  138  132  129  127  126  126  126
  125  123  121  117  113  109  106  104  104  107  112  118  125  132  139  145
  149  152  154  153  153  153  153  154  155  157  159  161  163  164  164  165
  165  166  166  169  172  175  179  180  179
    57.5-180.0 180.0   5.0 450.0                            LAT/LON1/LON2/DLON/H
  189  186  181  177  176  180  186  196  207  218  227  235  240  242  241  237
  228  217  205  193  182  172  164  156  149  142  137  134  133  133  133  133
  132  129  125  120  115  110  106  103  102  105  109  115  122  129  136  141
  146  149  150  151  151  151  152  154  157  160  163  166  168  170  171  172
  173  174  175  178  182  186  188  190  189
    55.0-180.0 180.0   5.0 450.0                            LAT/LON1/LON2/DLON/H
  201  197  193  189  186  186  190  197  205  214  222  230  236  241  243  242
  236  228  217  205  194  184  176  170  163  157  152  149  147  145  144  143
  141  137  132  127  120  115  110  107  105  106  108  113  119  125  131  137
  141  145  148  149  150  152  154  156  160  164  168  171  173  175  177  179
  181  182  185  188  192  196  200  202  201
    52.5-180.0 180.0   5.0 450.0                            LAT/LON1/LON2/DLON/H
  214  213  209  205  201  200  201  205  209  215  220  227  233  240  245  247
  245  240  231  221  212  204  197  192  186  181  175  170  166  162  158  154
  150  145  139  133  127  123  118  114  111  110  111  113  117  121  126  131
  136  141  144  147  150  153  157  160  166  171  174  178  179  181  183  184
  187  190  193  197  202  207  211  213  214
    50.0-180.0 180.0   5.0 450.0                            LAT/LON1/LON2/DLON/H
  227  227  226  224  221  219  218  218  219  221  224  228  234  241  248  253
  255  253  247  240  233  227  223  219  214  208  201  194  186  177  169  163
  156  151  146  141  137  133  129  125  121  118  117  117  117  119  123  127
  132  137  142  148  153  158  163  169  174  180  184  186  187  187  188  191
  194  198  203  207  212  217  221  225  227
    47.5-180.0 180.0   5.0 450.0                            LAT/LON1/LON2/DLON/H
  239  241  243  244  243  241  239  237  235  233  232  234  238  245  253  259
  263  264  264  260  255  252  249  245  240  234  224  214  202  189  177  166
  159  154  151  148  146  144  141  137  133  129  125  122  121  120  122  126
  131  136  143  150  158  166  173  181  187  192  196  197  197  196  196  198
  202  208  213  219  224  228  232  236  239
    45.0-180.0 180.0   5.0 450.0                            LAT/LON1/LON2/DLON/H
  250  254  258  261  262  262  260  257  253  249  246  245  247  253  259  266
  271  275  276  277  275  274  271  267  261  251  241  227  210  194  179  167
  160  156  156  156  155  155  154  151  146  142  137  133  129  126  126  128
  132  138  146  155  166  176  187  195  203  209  212  212  210  208  207  209
  214  220  227  234  238  241  243  246  250
    42.5-180.0 180.0   5.0 450.0                            LAT/LON1/LON2/DLON/H
  259  264  269  274  278  279  278  275  271  267  263  261  261  264  268  273
  278  283  287  290  291  290  287  281  273  261  249  233  214  195  179  167
  160  159  161  164  167  167  166  164  161  157  152  146  141  137  134  135
  138  143  152  163  176  190  202  213  222  229  231  231  228  225  223  224
  229  235  243  250  254  256  256  257  259
    40.0-180.0 180.0   5.0 450.0                            LAT/LON1/LON2/DLON/H
  268  271  277  283  288  291  291  290  287  285  281  280  278  278  279  281
  285  291  297  302  305  303  298  290  278  266  252  236  217  197  181  171
  167  169  173  177  180  180  178  177  175  173  169  164  158  153  149  147
  148  153  161  174  188  204  219  231  241  249  252  252  248  244  242  243
  246  253  261  268  272  272  270  268  268
    37.5-180.0 180.0   5.0 450.0                            LAT/LON1/LON2/DLON/H
  276  278  282  287  293  297  299  300  300  300  300  299  298  295  293  291
  294  300  307  313  315  313  306  295  282  269  255  240  224  206  192  185
  184  187  191  194  195  193  190  188  189  189  187  184  178  172  166  163
  162  165  173  185  201  218  235  249  260  268  272  272  270  266  263  262
  265  271  279  287  291  290  285  280  276
    35.0-180.0 180.0   5.0 450.0                            LAT/LON1/LON2/DLON/H
  285  283  284  289  294  299  303  306  310  313  316  318  318  314  307  304
  305  311  319  325  327  323  315  302  289  275  263  252  239  226  216  211
  211  214  215  214  211  205  201  200  202  205  206  204  199  193  187  181
  178  178  184  195  212  230  248  263  274  283  289  291  290  286  282  281
  282  288  297  305  310  308  301  292  285
    32.5-180.0 180.0   5.0 450.0                            LAT/LON1/LON2/DLON/H
  295  288  287  289  293  298  304  310  317  324  332  337  337  332  324  319
  320  326  334  340  340  335  326  314  302  290  281  273  265  256  250  247
  246  244  241  234  225  216  211  210  214  219  222  222  218  212  205  197
  192  190  194  203  220  238  256  271  283  294  302  306  307  304  300  298
  299  303  312  322  327  325  317  306  295
    30.0-180.0 180.0   5.0 450.0                            LAT/LON1/LON2/DLON/H
  307  296  290  289  292  298  305  314  324  334  344  352  355  350  341  335
  337  344  352  355  355  349  341  332  323  314  307  302  297  292  287  284
  280  273  262  248  234  223  217  218  223  230  235  235  232  226  218  208
  201  197  198  207  223  242  259  274  287  299  309  316  319  317  313  311
  312  317  327  337  344  343  335  321  307
    27.5-180.0 180.0   5.0 450.0                            LAT/LON1/LON2/DLON/H
  322  306  296  291  293  299  308  319  330  342  355  365  369  365  357  353
  356  363  369  372  369  364  359  355  350  343  336  332  328  324  320  315
  306  293  274  253  236  224  220  223  230  237  241  241  238  230  221  212
  203  198  197  205  221  240  258  273  286  299  311  321  326  327  324  322
  325  332  342  353  360  362  354  340  322
    25.0-180.0 180.0   5.0 450.0                            LAT/LON1/LON2/DLON/H
  340  320  305  298  298  306  316  328  339  351  364  376  381  378  373  371
  375  381  386  387  384  380  378  379  378  372  363  357  351  347  341  331
  317  296  272  246  229  221  221  226  233  239  241  239  233  226  216  207
  199  193  192  199  215  234  254  269  283  297  312  323  331  333  333  332
  338  348  360  371  378  380  375  360  340
    22.5-180.0 180.0   5.0 450.0                            LAT/LON1/LON2/DLON/H
  361  337  319  309  309  316  328  340  351  362  373  384  390  390  388  388
  391  397  401  400  397  394  396  401  402  395  383  371  361  352  342  329
  310  285  257  231  216  213  218  226  233  237  236  230  222  213  203  196
  189  183  182  190  206  226  246  263  278  294  310  324  333  338  341  344
  353  366  380  390  397  401  397  383  361
    20.0-180.0 180.0   5.0 450.0                            LAT/LON1/LON2/DLON/H
  384  358  337  325  324  332  344  354  364  373  382  391  398  401  401  403
  406  409  411  410  406  406  410  417  418  407  389  369  353  339  326  310
  289  262  234  211  201  204  215  226  232  232  226  216  205  195  187  181
  175  170  170  177  194  216  238  257  274  291  309  324  335  344  350  359
  372  388  403  412  418  422  420  407  384
    17.5-180.0 180.0   5.0 450.0                            LAT/LON1/LON2/DLON/H
  409  383  359  345  343  351  362  371  379  385  392  399  405  411  415  417
  418  418  419  417  413  412  418  425  423  406  380  354  331  313  298  280
  258  233  209  191  188  199  214  227  230  225  214  201  187  177  171  167
  162  157  157  165  182  205  229  251  271  290  308  325  339  351  362  377
  395  414  428  436  440  443  441  430  409
    15.0-180.0 180.0   5.0 450.0                            LAT/LON1/LON2/DLON/H
  435  410  384  369  367  373  382  389  393  397  401  406  412  421  427  429
  428  425  423  421  416  415  419  423  416  392  359  327  300  281  264  246
  227  207  189  178  182  199  217  229  229  220  204  187  173  163  158  155
  151  146  145  152  170  194  220  245  268  289  309  327  344  360  377  397
  419  440  455  461  461  461  460  452  435
    12.5-180.0 180.0   5.0 450.0                            LAT/LON1/LON2/DLON/H
  460  438  412  396  393  397  403  407  410  411  412  415  420  430  437  439
  435  431  428  422  415  411  413  411  397  367  330  295  267  249  234  218
  203  189  179  177  187  206  225  234  230  215  196  178  164  155  152  149
  144  136  134  142  158  183  211  239  264  288  310  330  350  370  392  416
  441  463  477  482  481  477  475  472  460
    10.0-180.0 180.0   5.0 450.0                            LAT/LON1/LON2/DLON/H
  484  465  440  425  421  423  426  427  427  426  425  425  430  439  446  447
  441  436  430  422  411  403  398  390  368  334  296  264  241  226  214  202
  191  185  182  187  201  221  237  242  232  213  192  174  162  154  151  147
  139  130  126  132  148  173  202  232  260  285  309  333  356  380  405  432
  458  481  495  499  495  489  487  489  484
     7.5-180.0 180.0   5.0 450.0                            LAT/LON1/LON2/DLON/H
  503  489  467  452  449  449  449  447  447  445  442  441  443  450  455  454
  447  440  432  419  402  387  376  361  333  298  264  239  225  217  209  200
  193  192  196  206  223  241  253  250  234  212  190  174  163  157  152  147
  137  126  120  124  140  163  192  223  253  281  307  333  360  387  414  441
  468  489  504  510  505  497  497  503  503
     5.0-180.0 180.0   5.0 450.0                            LAT/LON1/LON2/DLON/H
  517  507  488  477  476  475  473  470  470  469  465  461  459  463  464  460
  451  443  432  413  389  367  349  328  298  266  240  226  221  221  218  212
  208  211  218  231  248  262  266  255  233  208  188  174  166  160  154  146
  135  122  115  118  132  154  182  213  244  273  302  331  361  390  418  444
  467  489  505  512  509  502  502  512  517
     2.5-180.0 180.0   5.0 450.0                            LAT/LON1/LON2/DLON/H
  523  516  503  496  497  498  496  494  495  497  494  486  480  478  474  467
  456  444  429  405  374  346  323  298  269  242  227  224  231  237  237  234
  231  233  241  254  268  275  269  251  225  200  182  171  165  159  152  142
  129  116  109  111  123  143  170  201  232  263  293  325  357  387  414  437
  458  479  497  507  507  503  505  515  523
