data/corinthe/IONEX/igsg1600.15i
     1.0            IONOSPHERE MAPS     MIX                 IONEX VERSION / TYPE
cmpcmb v1.2          GRL/UWM            29-jun-15 22:52     PGM / RUN BY / DATE 
ionex file containing IGS COMBINED Ionosphere maps          COMMENT             
global ionosphere maps for day 160, 2015                    DESCRIPTION         
IONEX file containing the COMBINED IGS TEC MAPS and DCBs    DESCRIPTION         
      IONEX files of the following IAACs were combined: cod DESCRIPTION         
                                                        jpl DESCRIPTION         
Contact address: Andrzej Krankowski                         DESCRIPTION
                 Geodynamics Research Laboratory            DESCRIPTION
                 University of Warmia and Mazury (GRL/UWM)  DESCRIPTION
                 Oczapowski St. 1                           DESCRIPTION
                 10-957-Olsztyn, POLAND                     DESCRIPTION
                 e-mail:  kand@uwm.edu.pl                   DESCRIPTION
                                                            DESCRIPTION         
  2015     6     9     0     0     0                        EPOCH OF FIRST MAP  
  2015     6    10     0     0     0                        EPOCH OF LAST MAP   
  7200                                                      INTERVAL            
    13                                                      # OF MAPS IN FILE   
  COSZ                                                      MAPPING FUNCTION    
     0.0                                                    ELEVATION CUTOFF    
combined TEC calculated as weighted mean of input TEC valuesOBSERVABLES USED    
   321                                                      # OF STATIONS       
    32                                                      # OF SATELLITES     
  6371.0                                                    BASE RADIUS         
     2                                                      MAP DIMENSION       
   450.0 450.0   0.0                                        HGT1 / HGT2 / DHGT  
    87.5 -87.5  -2.5                                        LAT1 / LAT2 / DLAT  
  -180.0 180.0   5.0                                        LON1 / LON2 / DLON  
    -1                                                      EXPONENT            
TEC values in 0.1 tec units;  9999, if no value available   COMMENT             
DCB values in nanoseconds, reference is Sum_of_SatDCBs = 0  COMMENT             
                                                            END OF HEADER       
[from data line 3432]
     9                                                      START OF TEC MAP    
  2015     6     9    16     0     0                        EPOCH OF CURRENT MAP
    87.5-180.0 180.0   5.0 450.0                            LAT/LON1/LON2/DLON/H
  182  182  182  182  182  182  182  182  182  182  182  182  182  183  183  183
  182  182  182  182  183  183  183  183  183  183  183  183  183  184  184  184
  184  185  185  186  186  186  186  186  187  187  187  187  188  188  188  188
  188  188  187  188  187  187  187  187  186  186  186  185  185  184  184  184
  184  183  183  183  182  182  182  182  182
    85.0-180.0 180.0   5.0 450.0                            LAT/LON1/LON2/DLON/H
  178  178  178  178  179  179  179  180  180  180  181  181  181  181  181  181
  180  180  180  180  180  180  180  180  180  181  181  181  182  182  183  183
  183  183  184  185  185  186  186  187  188  188  189  190  190  191  191  191
  191  192  192  191  191  190  190  189  188  187  186  185  184  183  182  181
  180  179  179  178  178  178  177  178  178
    82.5-180.0 180.0   5.0 450.0                            LAT/LON1/LON2/DLON/H
  171  172  173  174  175  176  177  178  179  179  180  180  180  180  180  179
  179  178  178  178  177  177  177  178  178  178  179  180  181  181  182  182
  183  184  185  185  186  186  187  188  189  190  191  192  194  195  195  196
  196  197  196  196  196  195  193  192  191  188  187  184  182  180  178  176
  175  173  172  172  171  171  171  171  171
    80.0-180.0 180.0   5.0 450.0                            LAT/LON1/LON2/DLON/H
  165  166  168  169  170  172  174  175  176  177  178  179  179  180  179  179
  178  177  177  176  176  176  176  177  178  178  179  181  182  183  184  185
  186  186  187  187  187  188  189  189  191  192  193  195  197  199  200  201
  202  202  203  202  201  200  198  196  193  190  187  184  181  178  175  172
  170  168  166  165  164  164  164  165  165
    77.5-180.0 180.0   5.0 450.0                            LAT/LON1/LON2/DLON/H
  160  162  163  164  166  168  170  172  173  176  177  178  180  180  180  180
  179  178  177  177  176  176  177  177  179  180  182  184  186  188  189  190
  190  190  191  190  190  190  190  191  192  194  195  197  200  202  204  206
  208  209  208  208  207  204  202  199  196  192  189  185  181  177  173  170
  167  164  162  160  160  159  159  159  160
    75.0-180.0 180.0   5.0 450.0                            LAT/LON1/LON2/DLON/H
  158  160  161  162  164  165  167  169  171  174  177  179  181  182  183  183
  182  181  180  179  178  178  179  180  182  184  187  190  191  194  195  197
  197  196  195  194  193  193  192  192  193  194  196  199  202  205  208  210
  212  213  214  213  210  208  205  202  199  195  191  187  183  179  175  171
  168  165  162  160  158  158  158  158  158
    72.5-180.0 180.0   5.0 450.0                            LAT/LON1/LON2/DLON/H
  161  161  162  162  164  165  166  168  171  174  178  182  184  187  188  189
  187  186  185  183  181  181  182  183  185  188  192  195  198  200  202  203
  203  202  200  198  196  194  193  193  193  194  196  199  202  205  209  212
  214  215  216  214  212  209  205  202  199  195  193  190  187  183  180  176
  172  169  166  163  162  160  160  160  161
    70.0-180.0 180.0   5.0 450.0                            LAT/LON1/LON2/DLON/H
  166  166  167  167  167  168  169  170  173  177  181  186  190  193  195  195
  194  193  190  187  186  185  185  187  190  193  197  200  204  206  208  208
  207  206  203  200  198  196  194  193  192  193  195  197  201  205  208  211
  213  214  214  212  210  206  203  200  197  195  194  193  191  189  186  183
  179  175  172  169  167  166  165  166  166
    67.5-180.0 180.0   5.0 450.0                            LAT/LON1/LON2/DLON/H
  172  173  174  175  175  175  175  177  179  183  187  192  196  199  201  202
  201  198  195  192  190  188  189  191  193  196  199  203  206  209  211  211
  210  208  205  202  199  196  195  193  192  192  193  195  198  201  205  208
  210  211  210  207  204  201  198  195  194  193  194  195  196  195  194  191
  187  182  177  174  172  170  170  171  172
    65.0-180.0 180.0   5.0 450.0                            LAT/LON1/LON2/DLON/H
  178  181  183  184  185  185  185  186  188  191  194  198  201  205  207  207
  206  203  199  195  192  191  192  193  195  198  201  204  207  210  212  212
  211  209  206  203  200  197  194  193  191  191  192  194  195  198  201  204
  206  206  204  201  197  194  191  189  189  191  194  197  200  201  200  197
  193  187  181  177  174  173  174  175  178
    62.5-180.0 180.0   5.0 450.0                            LAT/LON1/LON2/DLON/H
  182  187  191  194  196  197  197  198  198  199  201  203  206  208  210  211
  209  205  201  197  194  193  193  195  197  199  202  204  207  210  212  213
  212  210  207  203  200  197  195  193  192  192  192  193  194  196  198  200
  201  200  198  195  192  188  186  185  186  189  193  198  203  206  205  202
  196  189  182  176  172  171  173  177  182
    60.0-180.0 180.0   5.0 450.0                            LAT/LON1/LON2/DLON/H
  182  189  196  201  206  208  210  210  208  208  207  207  208  210  211  211
  210  206  201  197  194  193  194  195  197  200  202  204  208  210  212  213
  213  211  208  205  202  199  197  195  194  193  193  193  194  196  197  198
  198  197  195  192  189  186  185  185  186  189  193  199  204  207  208  204
  197  188  179  171  166  166  169  175  182
    57.5-180.0 180.0   5.0 450.0                            LAT/LON1/LON2/DLON/H
  178  187  196  204  211  216  219  219  218  214  211  209  208  210  211  211
  210  205  201  196  193  192  193  195  197  199  202  205  208  212  215  216
  215  213  211  208  205  202  200  198  197  196  196  196  197  198  199  199
  199  198  196  194  192  190  189  189  190  192  196  200  204  207  207  203
  195  185  174  164  159  158  162  169  178
    55.0-180.0 180.0   5.0 450.0                            LAT/LON1/LON2/DLON/H
  171  182  192  203  212  220  225  227  224  219  214  209  208  209  211  211
  209  206  200  196  193  192  193  195  197  200  203  207  212  215  219  220
  219  218  215  213  210  207  205  202  201  201  201  202  202  202  203  203
  203  202  201  201  201  200  199  199  198  199  200  201  203  204  204  200
  192  181  168  158  151  150  153  161  171
    52.5-180.0 180.0   5.0 450.0                            LAT/LON1/LON2/DLON/H
  163  174  185  197  210  220  228  231  229  222  215  209  208  209  212  212
  211  207  202  197  194  192  193  195  198  201  206  211  216  221  224  226
  225  223  220  218  216  213  210  208  206  206  207  208  209  208  208  209
  210  211  212  214  215  215  215  212  210  208  205  203  202  200  198  195
  189  179  166  154  146  143  146  154  163
    50.0-180.0 180.0   5.0 450.0                            LAT/LON1/LON2/DLON/H
  156  165  176  189  202  216  227  232  230  223  215  210  209  212  215  216
  215  211  206  201  198  195  195  196  199  203  209  215  222  227  231  231
  230  228  226  225  223  221  217  214  212  212  214  215  215  215  215  216
  218  221  225  229  232  232  231  228  224  218  212  205  199  195  194  191
  187  178  167  155  146  141  142  148  156
    47.5-180.0 180.0   5.0 450.0                            LAT/LON1/LON2/DLON/H
  150  157  167  179  194  210  222  230  230  224  216  213  214  218  222  223
  222  218  214  209  204  201  200  200  202  206  212  220  227  232  235  235
  234  232  231  231  231  230  227  222  220  219  221  223  224  223  223  225
  228  233  239  244  246  247  245  242  236  228  219  208  197  191  189  189
  187  182  172  160  150  144  142  145  150
    45.0-180.0 180.0   5.0 450.0                            LAT/LON1/LON2/DLON/H
  147  151  158  170  185  202  217  226  229  225  220  218  222  227  231  233
  232  229  224  220  215  211  208  207  208  212  218  225  231  236  238  238
  237  236  236  239  242  241  238  233  230  230  232  234  235  234  233  235
  239  246  252  256  259  258  256  251  245  236  224  210  198  190  188  190
  192  190  182  170  159  151  146  146  147
    42.5-180.0 180.0   5.0 450.0                            LAT/LON1/LON2/DLON/H
  147  147  152  162  177  195  212  224  228  227  225  226  231  238  242  244
  243  241  238  235  230  226  221  218  218  220  225  231  236  240  241  241
  240  241  245  251  256  256  253  248  244  244  247  249  250  247  246  248
  253  258  263  266  267  264  261  256  249  241  228  213  200  192  191  195
  199  199  192  183  171  161  154  149  147
    40.0-180.0 180.0   5.0 450.0                            LAT/LON1/LON2/DLON/H
  149  147  149  157  172  191  209  223  230  231  233  236  242  248  252  254
  254  255  255  253  249  245  239  234  231  232  236  240  243  246  247  247
  247  251  258  268  275  277  274  268  265  265  268  270  269  266  264  265
  268  273  275  275  271  267  263  258  252  244  233  219  207  199  200  204
  208  209  205  196  186  174  163  155  149
    37.5-180.0 180.0   5.0 450.0                            LAT/LON1/LON2/DLON/H
  154  149  150  157  172  190  209  224  234  239  243  248  254  259  261  263
  266  270  273  274  272  268  261  254  249  247  249  252  254  256  257  258
  261  267  279  292  302  304  301  295  292  293  297  299  297  291  287  287
  289  290  288  283  277  270  264  260  254  249  240  229  218  213  213  217
  219  218  215  209  200  188  175  163  154
    35.0-180.0 180.0   5.0 450.0                            LAT/LON1/LON2/DLON/H
  162  155  155  162  176  194  213  230  242  250  256  263  267  269  269  272
  279  287  294  298  298  294  287  278  271  267  267  269  271  273  275  279
  284  293  308  324  336  339  335  330  328  331  335  335  330  322  316  313
  312  309  303  294  284  276  269  264  260  256  251  243  236  232  232  232
  230  227  223  218  211  199  186  172  162
    32.5-180.0 180.0   5.0 450.0                            LAT/LON1/LON2/DLON/H
  170  164  165  172  186  203  222  239  253  264  272  278  280  279  278  283
  294  306  317  324  327  323  315  305  295  290  289  291  295  299  303  308
  316  328  345  363  376  379  375  370  370  375  380  377  368  356  347  341
  335  328  318  306  296  287  280  274  271  269  267  264  260  257  255  250
  241  233  227  224  218  208  194  181  170
    30.0-180.0 180.0   5.0 450.0                            LAT/LON1/LON2/DLON/H
  178  173  175  184  197  215  233  251  267  278  287  293  293  290  290  298
  313  329  343  353  357  354  345  334  322  316  314  317  323  330  338  347
  357  370  388  407  420  423  419  414  416  422  427  421  407  391  377  367
  356  344  331  319  310  303  295  289  286  285  286  287  287  284  279  268
  251  236  228  224  220  212  200  187  178
    27.5-180.0 180.0   5.0 450.0                            LAT/LON1/LON2/DLON/H
  185  182  186  196  210  227  245  263  280  293  303  308  308  306  307  317
  336  355  371  382  387  384  376  363  350  342  340  346  356  368  380  391
  403  416  433  451  463  467  462  458  460  467  470  461  442  421  402  386
  371  355  339  328  322  318  313  306  302  302  305  310  311  309  300  282
  258  236  224  219  216  211  202  192  185
    25.0-180.0 180.0   5.0 450.0                            LAT/LON1/LON2/DLON/H
  189  189  195  206  220  236  254  273  290  305  316  323  325  324  329  344
  364  383  399  409  415  413  404  391  377  368  368  376  390  407  422  436
  448  461  477  492  502  505  500  496  498  505  507  493  469  443  420  399
  378  358  341  330  328  327  324  318  314  315  320  326  329  326  313  289
  259  233  218  211  209  206  200  193  189
    22.5-180.0 180.0   5.0 450.0                            LAT/LON1/LON2/DLON/H
  190  191  199  209  223  239  257  276  296  313  326  335  341  346  357  376
  395  412  425  434  439  438  430  416  401  393  394  406  424  444  464  479
  491  501  513  526  534  534  529  524  526  532  531  515  487  458  430  404
  379  354  335  325  324  327  326  322  319  320  325  332  334  329  314  287
  254  226  209  201  200  199  196  192  190
    20.0-180.0 180.0   5.0 450.0                            LAT/LON1/LON2/DLON/H
  187  190  197  207  219  234  252  272  294  314  331  344  356  369  387  408
  427  440  448  455  459  459  451  437  423  415  418  432  454  478  500  517
  526  533  541  549  554  554  548  541  542  546  544  526  496  464  434  404
  374  346  323  310  311  315  316  314  312  313  318  324  325  318  300  273
  241  215  198  191  190  190  190  188  187
    17.5-180.0 180.0   5.0 450.0                            LAT/LON1/LON2/DLON/H
  180  183  189  197  207  220  237  259  284  308  330  350  367  388  412  437
  454  462  467  471  475  475  469  455  441  434  440  456  481  506  529  544
  551  554  558  562  564  563  556  549  549  553  549  530  499  466  434  403
  370  338  311  294  290  294  296  296  296  298  302  306  305  295  276  251
  224  202  188  182  179  180  180  180  180
    15.0-180.0 180.0   5.0 450.0                            LAT/LON1/LON2/DLON/H
  169  172  176  181  188  199  216  239  267  296  324  349  373  400  429  455
  471  478  482  485  488  489  483  470  457  452  459  477  502  528  549  562
  566  565  564  565  566  564  558  552  552  555  550  530  500  468  436  403
  369  335  303  281  271  271  272  273  275  277  281  283  279  267  247  224
  203  187  179  173  170  168  168  168  169
    12.5-180.0 180.0   5.0 450.0                            LAT/LON1/LON2/DLON/H
  156  157  159  161  166  174  190  215  246  279  313  343  371  401  432  460
  477  486  490  495  499  502  496  484  472  468  477  496  521  544  561  571
  572  567  564  563  564  564  559  553  553  556  551  532  503  472  440  408
  374  339  304  276  260  253  251  250  253  256  259  259  253  239  218  198
  182  173  168  165  160  156  155  155  156
    10.0-180.0 180.0   5.0 450.0                            LAT/LON1/LON2/DLON/H
  141  141  140  140  143  149  165  191  225  263  300  333  363  393  423  452
  472  485  494  502  509  512  507  497  487  485  495  514  536  555  569  574
  572  566  562  560  563  565  563  558  557  560  554  536  508  479  449  418
  387  352  316  284  261  246  236  233  235  237  241  241  234  218  196  178
  165  161  160  157  150  144  141  141  141
     7.5-180.0 180.0   5.0 450.0                            LAT/LON1/LON2/DLON/H
  127  125  123  121  122  128  143  170  207  247  287  322  351  379  407  435
  458  478  494  507  516  520  517  509  502  503  514  532  551  565  573  575
  572  566  560  559  564  569  569  566  565  565  559  541  515  486  457  430
  402  372  338  305  275  250  233  224  222  223  227  229  222  205  183  165
  153  150  151  148  141  133  129  128  127
     5.0-180.0 180.0   5.0 450.0                            LAT/LON1/LON2/DLON/H
  115  113  110  107  107  112  128  156  193  236  277  312  339  363  388  414
  441  467  489  506  518  524  524  521  518  522  534  551  566  575  579  577
  572  566  562  562  568  576  577  574  571  569  560  543  518  492  464  440
  416  391  362  328  294  261  234  218  211  212  215  219  215  199  178  158
  146  143  144  141  132  123  119  117  115
     2.5-180.0 180.0   5.0 450.0                            LAT/LON1/LON2/DLON/H
  109  106  103   99   98  103  118  147  186  230  272  306  331  352  373  398
  426  455  480  500  514  523  528  531  535  542  555  570  582  586  585  580
  575  570  566  566  571  578  580  576  569  564  553  536  513  488  463  440
  421  401  377  345  307  269  235  212  200  197  202  208  207  195  175  155
  142  136  137  134  126  118  113  111  109
