data/igsg1600.16i
     1.0            IONOSPHERE MAPS     MIX                 IONEX VERSION / TYPE
cmpcmb v1.2          GRL/UWM            22-jun-16 16:52     PGM / RUN BY / DATE 
ionex file containing IGS COMBINED Ionosphere maps          COMMENT             
global ionosphere maps for day 160, 2016                    DESCRIPTION         
IONEX file containing the COMBINED IGS TEC MAPS and DCBs    DESCRIPTION         
      IONEX files of the following IAACs were combined: cod DESCRIPTION         
                                                        jpl DESCRIPTION         
Contact address: Andrzej Krankowski                         DESCRIPTION
                 Geodynamics Research Laboratory            DESCRIPTION
                 University of Warmia and Mazury (GRL/UWM)  DESCRIPTION
                 Oczapowski St. 1                           DESCRIPTION
                 10-957-Olsztyn, POLAND                     DESCRIPTION
                 e-mail:  kand@uwm.edu.pl                   DESCRIPTION
                                                            DESCRIPTION         
  2016     6     8     0     0     0                        EPOCH OF FIRST MAP  
  2016     6     9     0     0     0                        EPOCH OF LAST MAP   
  7200                                                      INTERVAL            
    13                                                      # OF MAPS IN FILE   
  COSZ                                                      MAPPING FUNCTION    
     0.0                                                    ELEVATION CUTOFF    
combined TEC calculated as weighted mean of input TEC valuesOBSERVABLES USED    
   319                                                      # OF STATIONS       
    32                                                      # OF SATELLITES     
  6371.0                                                    BASE RADIUS         
     2                                                      MAP DIMENSION       
   450.0 450.0   0.0                                        HGT1 / HGT2 / DHGT  
    87.5 -87.5  -2.5                                        LAT1 / LAT2 / DLAT  
  -180.0 180.0   5.0                                        LON1 / LON2 / DLON  
    -1                                                      EXPONENT            
TEC values in 0.1 tec units;  9999, if no value available   COMMENT             
DCB values in nanoseconds, reference is Sum_of_SatDCBs = 0  COMMENT             
                                                            END OF HEADER       
[from data line 1716]
     5                                                      START OF TEC MAP    
  2016     6     8     8     0     0                        EPOCH OF CURRENT MAP
    87.5-180.0 180.0   5.0 450.0                            LAT/LON1/LON2/DLON/H
  112  111  111  111  111  111  111  111  110  110  110  110  110  110  110  110
  110  110  110  110  110  110  110  110  110  111  111  111  111  112  112  112
  113  113  113  113  113  114  114  114  114  114  114  115  115  115  115  115
  115  115  115  115  115  114  114  114  114  114  114  113  113  113  113  113
  113  113  113  112  112  112  112  112  112
    85.0-180.0 180.0   5.0 450.0                            LAT/LON1/LON2/DLON/H
  111  111  111  111  110  110  109  109  109  108  108  108  107  107  107  106
  106  106  106  106  106  107  107  107  107  108  108  109  109  110  111  111
  112  113  114  114  115  115  116  116  116  117  117  117  118  118  118  118
  118  118  118  117  117  117  116  116  116  115  115  115  114  114  113  113
  113  113  112  112  112  112  112  111  111
    82.5-180.0 180.0   5.0 450.0                            LAT/LON1/LON2/DLON/H
  111  111  111  110  110  110  109  108  107  106  105  105  104  103  102  102
  102  101  101  101  102  102  103  103  104  104  105  106  108  109  110  111
  112  113  114  115  116  117  117  118  119  120  120  121  121  121  121  121
  121  121  120  120  120  119  119  118  117  117  116  115  114  114  114  113
  112  112  112  112  112  111  112  111  111
    80.0-180.0 180.0   5.0 450.0                            LAT/LON1/LON2/DLON/H
  111  111  111  110  109  108  107  106  105  104  102  101  100   99   97   97
   96   96   96   96   96   97   98   99  100  101  103  104  105  107  108  109
  111  112  114  115  116  118  119  120  121  122  122  123  124  124  124  124
  124  124  124  123  123  122  121  121  120  119  117  116  115  114  114  113
  112  112  112  112  111  111  111  111  111
    77.5-180.0 180.0   5.0 450.0                            LAT/LON1/LON2/DLON/H
  111  110  110  109  108  107  105  103  102  100   98   96   94   93   92   91
   91   90   90   91   92   92   94   95   97   98  100  102  103  105  106  108
  109  111  112  114  116  117  119  120  122  123  124  125  126  126  126  127
  126  126  127  126  125  125  124  123  122  120  119  118  116  115  114  113
  112  111  111  111  111  111  111  111  111
    75.0-180.0 180.0   5.0 450.0                            LAT/LON1/LON2/DLON/H
  111  110  109  108  106  104  101   99   96   94   92   90   88   87   86   85
   85   85   86   86   87   89   91   92   94   96   98  100  102  103  104  105
  106  108  110  112  114  116  118  120  122  123  124  126  126  127  127  127
  127  128  128  128  127  127  126  125  124  122  120  119  117  116  114  113
  112  111  111  111  111  111  111  111  111
    72.5-180.0 180.0   5.0 450.0                            LAT/LON1/LON2/DLON/H
  111  109  108  106  103  100   97   93   90   88   85   83   82   81   80   80
   80   81   81   82   84   86   88   91   93   95   96   98   99  101  102  103
  104  105  107  109  111  114  117  119  121  123  125  126  126  127  127  128
  128  128  128  128  127  127  126  125  124  122  120  119  117  115  114  113
  112  111  111  110  111  111  111  111  111
    70.0-180.0 180.0   5.0 450.0                            LAT/LON1/LON2/DLON/H
  111  109  107  104  100   95   91   87   83   80   78   77   76   75   76   76
   76   77   78   80   81   84   86   89   91   93   95   96   97   98   99  100
  101  103  105  107  110  112  115  118  120  122  124  125  126  127  127  127
  127  127  127  127  126  126  125  124  122  121  119  118  116  115  114  113
  112  111  110  111  111  111  111  112  111
    67.5-180.0 180.0   5.0 450.0                            LAT/LON1/LON2/DLON/H
  112  110  107  102   97   91   85   81   76   74   72   71   71   71   72   72
   73   74   75   76   78   80   83   86   89   90   92   93   94   95   96   98
   99  102  104  106  109  111  114  117  120  122  124  126  127  127  127  127
  127  126  126  125  124  123  122  120  119  118  117  116  115  114  113  113
  112  111  111  112  112  113  113  113  112
    65.0-180.0 180.0   5.0 450.0                            LAT/LON1/LON2/DLON/H
  115  113  108  102   95   88   81   75   70   67   66   66   67   68   69   70
   70   71   72   72   74   76   78   82   85   86   88   89   90   91   93   95
   98  101  104  106  110  112  115  118  121  123  125  127  128  129  128  129
  128  127  126  125  123  121  119  117  115  114  114  113  113  113  113  113
  113  113  113  114  114  115  116  116  115
    62.5-180.0 180.0   5.0 450.0                            LAT/LON1/LON2/DLON/H
  120  117  112  105   96   87   78   71   65   63   62   62   63   64   65   66
   66   67   66   67   67   69   71   75   78   81   82   84   85   87   90   94
   97  102  106  109  112  115  118  120  123  125  128  130  131  132  132  131
  130  128  127  124  122  119  116  114  112  112  111  111  112  113  114  114
  115  115  116  117  119  120  121  121  120
    60.0-180.0 180.0   5.0 450.0                            LAT/LON1/LON2/DLON/H
  126  123  117  110   99   88   78   69   63   60   58   59   60   60   60   61
   61   60   60   59   59   60   63   67   71   74   77   79   81   84   88   94
   99  105  109  113  117  119  121  123  126  129  132  134  136  136  136  135
  133  131  129  126  122  119  116  113  111  110  110  111  112  113  115  116
  117  119  120  122  123  126  127  128  126
    57.5-180.0 180.0   5.0 450.0                            LAT/LON1/LON2/DLON/H
  135  132  126  117  105   93   80   70   63   59   57   57   56   56   55   54
   54   53   52   51   51   51   54   58   63   67   71   74   78   83   89   96
  103  109  115  119  122  124  125  127  130  133  136  139  141  142  141  139
  137  134  131  128  124  120  117  114  112  112  112  113  114  116  118  120
  122  124  126  127  130  132  134  135  135
    55.0-180.0 180.0   5.0 450.0                            LAT/LON1/LON2/DLON/H
  143  140  134  125  114  100   86   74   66   61   58   56   53   51   49   47
   47   46   44   43   42   43   46   51   56   62   67   72   77   83   90   99
  107  116  122  125  127  128  129  131  133  138  141  145  147  147  146  144
  141  138  135  131  127  123  120  118  116  115  115  116  118  120  121  124
  127  129  132  134  137  139  142  143  143
    52.5-180.0 180.0   5.0 450.0                            LAT/LON1/LON2/DLON/H
  149  148  143  135  123  109   95   82   72   65   61   57   52   48   44   42
   40   39   38   37   36   37   40   45   52   59   66   71   78   85   93  103
  113  122  128  132  134  134  134  135  138  142  146  150  153  153  151  149
  145  141  138  135  132  129  126  124  123  122  123  123  124  125  127  130
  133  137  139  141  143  146  148  150  149
    50.0-180.0 180.0   5.0 450.0                            LAT/LON1/LON2/DLON/H
  154  152  148  141  131  118  104   91   81   73   67   60   54   48   42   39
   37   36   35   34   33   34   37   42   50   57   66   73   80   88   98  108
  119  129  136  139  140  139  139  140  142  147  152  156  158  159  157  154
  149  145  142  140  137  135  134  132  132  132  132  132  132  133  134  137
  141  145  147  148  150  151  153  153  154
    47.5-180.0 180.0   5.0 450.0                            LAT/LON1/LON2/DLON/H
  154  152  149  144  136  125  113  101   90   82   74   67   59   51   44   40
   38   37   36   35   34   35   37   42   49   58   67   75   84   92  102  114
  125  135  142  145  146  146  145  146  148  152  157  162  165  165  164  160
  155  150  147  145  144  144  143  142  143  144  144  144  143  143  144  146
  150  154  156  156  156  155  155  155  154
    45.0-180.0 180.0   5.0 450.0                            LAT/LON1/LON2/DLON/H
  151  148  146  143  137  129  118  109  100   92   84   76   68   58   51   46
   44   43   42   42   39   38   39   44   51   60   70   79   88   97  106  118
  129  140  147  151  152  153  153  154  155  159  163  168  171  173  172  169
  164  159  156  154  154  153  154  155  156  158  159  158  157  155  155  157
  161  164  165  164  161  158  156  153  151
    42.5-180.0 180.0   5.0 450.0                            LAT/LON1/LON2/DLON/H
  146  143  140  137  133  128  121  114  107  101   95   87   79   70   62   56
   54   54   53   51   48   45   44   47   53   62   72   82   91  100  110  121
  133  143  150  155  158  161  163  163  164  166  170  175  179  183  183  181
  176  171  168  167  167  167  167  169  172  175  177  176  174  170  169  171
  173  177  176  173  168  162  156  151  146
    40.0-180.0 180.0   5.0 450.0                            LAT/LON1/LON2/DLON/H
  143  137  133  130  127  123  120  115  112  108  104   99   92   83   74   69
   66   65   65   62   59   53   50   51   56   64   74   84   95  104  114  123
  134  144  152  158  164  169  173  174  174  174  177  183  189  194  197  196
  193  188  185  184  184  184  185  188  193  198  200  199  195  190  187  187
  189  191  190  184  176  167  158  150  143
    37.5-180.0 180.0   5.0 450.0                            LAT/LON1/LON2/DLON/H
  142  134  127  123  120  118  115  113  113  112  112  110  105   96   87   81
   78   77   77   73   69   63   57   55   59   66   76   87   97  107  116  125
  134  142  151  160  169  177  183  185  183  182  185  191  200  208  214  215
  213  209  206  205  206  207  210  215  221  227  230  228  223  216  210  208
  209  209  205  198  187  174  162  151  142
    35.0-180.0 180.0   5.0 450.0                            LAT/LON1/LON2/DLON/H
  145  135  126  119  115  111  110  110  111  113  116  118  115  106   97   90
   87   86   85   82   77   70   64   60   62   68   77   88   99  110  118  125
  133  140  148  160  173  185  193  195  192  191  193  200  211  221  230  234
  233  231  230  231  234  237  242  249  257  265  268  265  257  246  237  232
  231  231  225  216  202  186  170  156  145
    32.5-180.0 180.0   5.0 450.0                            LAT/LON1/LON2/DLON/H
  153  141  131  120  113  107  105  105  107  112  118  123  122  113  102   95
   92   91   90   88   84   77   70   66   66   71   78   89  101  112  120  126
  131  137  146  159  175  191  202  204  201  198  200  209  221  234  245  251
  253  253  255  259  265  273  281  291  302  311  314  309  297  282  268  261
  257  255  249  237  220  202  183  167  153
    30.0-180.0 180.0   5.0 450.0                            LAT/LON1/LON2/DLON/H
  165  152  138  125  115  106  102  101  104  110  119  125  125  116  104   96
   93   92   91   90   87   82   77   72   71   74   80   90  102  113  121  127
  130  134  144  159  178  197  209  211  208  205  208  217  231  244  256  264
  269  273  278  287  298  312  326  339  352  360  362  356  340  319  301  290
  285  282  274  261  243  221  199  180  165
    27.5-180.0 180.0   5.0 450.0                            LAT/LON1/LON2/DLON/H
  179  164  149  135  121  110  103  100  102  108  117  125  125  116  104   96
   92   91   91   90   89   87   83   79   78   79   83   91  102  113  122  127
  130  133  143  159  181  202  214  217  214  213  216  225  238  252  263  272
  280  288  298  312  330  349  368  385  398  406  407  398  378  354  332  319
  312  307  299  286  267  243  218  197  179
    25.0-180.0 180.0   5.0 450.0                            LAT/LON1/LON2/DLON/H
  193  176  161  146  130  116  107  103  103  108  116  123  123  115  103   95
   91   90   90   90   91   90   88   86   84   84   86   91  101  112  120  126
  130  134  143  161  184  206  219  222  221  221  224  232  243  255  266  276
  286  298  313  332  354  378  400  418  432  439  440  430  408  380  356  341
  334  329  321  309  290  266  238  213  193
    22.5-180.0 180.0   5.0 450.0                            LAT/LON1/LON2/DLON/H
  205  187  171  156  141  127  117  110  108  110  116  122  122  114  103   95
   93   92   91   92   93   94   94   92   91   88   88   91   98  108  117  125
  130  135  145  163  186  208  223  228  230  231  234  239  248  257  267  277
  289  304  322  344  369  394  417  434  446  452  452  442  421  395  371  356
  348  342  336  326  309  284  255  227  205
    20.0-180.0 180.0   5.0 450.0                            LAT/LON1/LON2/DLON/H
  213  195  180  166  153  141  130  122  117  116  119  122  121  114  105   98
   97   97   96   95   96   97   97   97   95   91   88   88   93  102  113  122
  130  137  147  164  188  210  226  234  239  242  244  247  253  260  268  278
  291  306  326  348  372  395  413  427  436  441  441  434  417  394  374  359
  351  346  342  334  320  297  267  238  213
    17.5-180.0 180.0   5.0 450.0                            LAT/LON1/LON2/DLON/H
  217  199  185  174  164  154  145  135  128  124  124  125  123  117  109  104
  104  104  103  102  100  100  100   99   97   92   87   84   87   94  106  118
  128  137  149  166  188  211  228  240  248  253  254  255  259  265  272  281
  293  307  324  344  365  382  394  402  408  411  413  409  399  383  367  354
  346  340  337  332  321  300  272  243  217
    15.0-180.0 180.0   5.0 450.0                            LAT/LON1/LON2/DLON/H
  218  199  187  179  172  166  159  149  140  134  131  130  128  122  116  112
  112  113  111  108  105  102  100   99   96   91   84   78   78   86   98  113
  125  137  150  166  186  209  228  243  254  261  261  262  266  273  280  289
  298  309  321  337  353  364  368  371  372  375  377  377  374  366  356  345
  336  329  325  321  312  295  270  243  218
    12.5-180.0 180.0   5.0 450.0                            LAT/LON1/LON2/DLON/H
  215  197  186  180  177  174  168  160  150  142  138  136  133  128  123  120
  121  122  120  115  108  103   98   96   94   88   80   72   71   77   90  106
  121  135  148  164  183  204  225  242  256  263  264  266  273  281  290  299
  306  312  319  331  343  349  348  346  343  343  344  348  352  352  346  337
  325  316  310  305  299  285  264  239  215
    10.0-180.0 180.0   5.0 450.0                            LAT/LON1/LON2/DLON/H
  211  193  183  178  176  176  172  165  156  147  142  139  137  132  128  126
  128  129  126  119  111  102   96   92   89   83   75   66   63   69   82   99
  116  131  145  160  178  198  218  236  250  258  261  266  276  289  300  309
  314  317  320  329  340  346  344  339  333  329  328  332  340  345  343  333
  320  307  297  290  283  272  255  233  211
     7.5-180.0 180.0   5.0 450.0                            LAT/LON1/LON2/DLON/H
  206  189  178  173  171  170  168  162  154  147  142  140  137  133  129  129
  131  132  129  121  111  101   92   87   83   78   70   61   57   62   76   93
  110  126  141  155  170  188  207  224  237  244  250  259  274  291  307  317
  322  323  324  334  349  359  360  356  347  338  333  334  342  349  348  338
  321  303  287  277  269  259  245  226  206
     5.0-180.0 180.0   5.0 450.0                            LAT/LON1/LON2/DLON/H
  201  184  173  166  162  160  158  153  146  141  138  135  132  129  126  126
  129  130  127  120  109   97   87   81   77   73   65   56   52   57   70   87
  104  121  136  148  162  177  193  207  218  224  232  245  265  287  306  320
  327  328  331  344  365  384  393  391  381  367  355  351  354  359  357  345
  326  303  283  268  259  249  237  220  201
     2.5-180.0 180.0   5.0 450.0                            LAT/LON1/LON2/DLON/H
  196  180  167  158  151  147  144  139  135  131  128  126  123  119  117  119
  121  123  121  114  104   92   82   75   71   67   61   52   49   53   66   82
   99  115  129  141  151  164  178  189  197  201  209  224  247  273  297  315
  326  329  335  353  383  412  432  436  426  406  388  376  372  372  366  352
  330  304  280  262  250  240  228  213  196
