data/igsg1600.16i
     1.0            IONOSPHERE MAPS     MIX                 IONEX VERSION / TYPE
cmpcmb v1.2          GRL/UWM            22-jun-16 16:52     PGM / RUN BY / DATE 
ionex file containing IGS COMBINED Ionosphere maps          COMMENT             
global ionosphere maps for day 160, 2016                    DESCRIPTION         
IONEX file containing the COMBINED IGS TEC MAPS and DCBs    DESCRIPTION         
      IONEX files of the following IAACs were combined: cod DESCRIPTION         
                                                        jpl DESCRIPTION         
Contact address: Andrzej Krankowski                         DESCRIPTION
                 Geodynamics Research Laboratory            DESCRIPTION
                 University of Warmia and Mazury (GRL/UWM)  DESCRIPTION
                 Oczapowski St. 1                           DESCRIPTION
                 10-957-Olsztyn, POLAND                     DESCRIPTION
                 e-mail:  kand@uwm.edu.pl                   DESCRIPTION
                                                            DESCRIPTION         
  2016     6     8     0     0     0                        EPOCH OF FIRST MAP  
  2016     6     9     0     0     0                        EPOCH OF LAST MAP   
  7200                                                      INTERVAL            
    13                                                      # OF MAPS IN FILE   
  COSZ                                                      MAPPING FUNCTION    
     0.0                                                    ELEVATION CUTOFF    
combined TEC calculated as weighted mean of input TEC valuesOBSERVABLES USED    
   319                                                      # OF STATIONS       
    32                                                      # OF SATELLITES     
  6371.0                                                    BASE RADIUS         
     2                                                      MAP DIMENSION       
   450.0 450.0   0.0                                        HGT1 / HGT2 / DHGT  
    87.5 -87.5  -2.5                                        LAT1 / LAT2 / DLAT  
  -180.0 180.0   5.0                                        LON1 / LON2 / DLON  
    -1                                                      EXPONENT            
TEC values in 0.1 tec units;  9999, if no value available   COMMENT             
DCB values in nanoseconds, reference is Sum_of_SatDCBs = 0  COMMENT             
                                                            END OF HEADER       
     1                                                      START OF TEC MAP    
  2016     6     8     0     0     0                        EPOCH OF CURRENT MAP
    87.5-180.0 180.0   5.0 450.0                            LAT/LON1/LON2/DLON/H
  100  100  101  101  101  102  102  102  102  102  102  102  101  101  100  100
  100   99   99   98   97   96   96   95   94   93   92   91   91   90   89   88
   87   87   86   86   85   85   85   85   84   84   84   84   84   85   85   85
   86   86   87   87   88   88   89   89   90   91   91   92   93   93   94   94
   95   96   97   97   98   99   99   99  100
    85.0-180.0 180.0   5.0 450.0                            LAT/LON1/LON2/DLON/H
  108  109  110  110  111  111  112  112  112  112  112  111  111  111  110  109
  108  107  106  105  103  102  100   99   97   95   93   91   89   88   86   84
   83   82   81   80   79   79   79   79   78   78   79   79   80   81   81   82
   83   84   85   85   86   87   88   89   90   91   92   93   94   95   97   98
   99  100  101  102  104  105  106  107  108
    82.5-180.0 180.0   5.0 450.0                            LAT/LON1/LON2/DLON/H
  116  117  118  119  120  120  121  121  121  121  121  120  120  119  118  117
  116  115  114  112  110  108  105  103  100   98   95   92   89   87   84   82
   80   78   77   76   75   75   75   75   76   76   77   78   79   80   81   83
   84   85   86   88   89   90   91   92   93   94   95   96   97   98  100  101
  102  104  106  107  109  111  112  114  116
    80.0-180.0 180.0   5.0 450.0                            LAT/LON1/LON2/DLON/H
  122  123  125  126  127  127  128  128  127  127  126  126  125  124  123  123
  121  120  118  117  115  113  110  107  104  100   97   93   89   86   83   80
   78   76   75   74   74   74   75   75   77   77   79   81   82   84   85   87
   88   90   91   93   94   94   95   96   97   97   98   99  100  101  102  104
  105  107  109  111  114  116  118  120  122
    77.5-180.0 180.0   5.0 450.0                            LAT/LON1/LON2/DLON/H
  126  128  130  131  132  132  132  132  131  131  130  129  128  127  126  124
  123  122  120  119  117  115  112  109  106  102   98   93   90   86   82   80
   77   76   75   75   76   77   77   79   80   82   84   85   88   90   91   93
   95   97   98   99  100  100  100  100  101  101  101  101  102  102  103  105
  107  108  111  114  116  119  121  124  126
    75.0-180.0 180.0   5.0 450.0                            LAT/LON1/LON2/DLON/H
  128  131  132  134  135  135  135  135  134  133  131  130  129  127  125  124
  122  121  120  119  117  115  112  110  106  102   98   94   89   85   82   79
   78   77   77   78   79   80   82   84   86   87   89   91   93   95   98  100
  102  103  104  105  106  106  105  105  104  104  103  103  103  103  104  105
  106  108  111  113  116  119  123  126  128
    72.5-180.0 180.0   5.0 450.0                            LAT/LON1/LON2/DLON/H
  128  130  133  134  136  136  137  137  135  135  133  131  128  126  124  121
  119  118  116  115  114  113  111  108  105  102   98   93   90   86   83   81
   79   79   80   81   83   85   87   89   90   92   94   95   97   99  102  104
  107  109  110  111  110  110  109  108  107  106  104  103  102  102  102  103
  104  106  108  111  114  118  121  125  128
    70.0-180.0 180.0   5.0 450.0                            LAT/LON1/LON2/DLON/H
  125  128  130  133  135  136  137  137  137  136  134  132  128  125  121  118
  115  114  112  111  110  109  108  106  103  100   97   93   90   87   85   83
   82   82   83   85   86   88   90   91   93   94   95   96   98  101  103  106
  109  111  113  113  113  112  111  109  107  106  104  102  101  101  100  101
  102  103  105  108  111  114  118  121  125
    67.5-180.0 180.0   5.0 450.0                            LAT/LON1/LON2/DLON/H
  121  125  127  130  133  135  137  138  138  138  136  134  130  125  120  116
  113  110  108  107  106  105  104  103  101   98   96   94   91   89   88   87
   86   86   86   86   88   89   90   90   91   91   92   93   95   97  101  104
  107  110  112  113  113  112  110  108  106  104  102  101   99   99   98   98
   98   99  102  104  107  111  114  118  121
    65.0-180.0 180.0   5.0 450.0                            LAT/LON1/LON2/DLON/H
  119  122  125  128  131  134  136  139  140  140  138  135  132  127  122  117
  112  108  106  104  103  102  101  100   98   97   96   95   94   94   93   91
   90   89   88   87   87   86   86   86   86   86   86   87   89   91   95   99
  102  106  108  110  109  108  106  104  102  100   99   98   97   96   96   95
   95   96   98  101  104  108  111  115  119
    62.5-180.0 180.0   5.0 450.0                            LAT/LON1/LON2/DLON/H
  118  121  124  127  130  133  136  139  141  142  141  138  134  130  125  119
  114  110  106  103  102  100   99   99   98   97   97   98   98   99   98   97
   95   92   88   86   83   82   81   80   79   79   79   80   81   84   87   91
   95   99  102  103  104  103  101   99   97   95   95   95   95   94   93   93
   93   94   96   99  103  107  111  114  118
    60.0-180.0 180.0   5.0 450.0                            LAT/LON1/LON2/DLON/H
  121  124  126  129  132  135  138  142  143  144  143  141  138  134  130  125
  120  114  110  107  104  102  101  100  100  100  100  102  103  105  104  103
   99   94   88   83   79   76   75   73   73   72   72   72   73   75   79   83
   87   91   95   97   98   97   95   93   91   91   91   92   92   92   91   91
   91   93   95   99  103  108  113  117  121
    57.5-180.0 180.0   5.0 450.0                            LAT/LON1/LON2/DLON/H
  126  129  132  135  137  140  143  145  146  146  145  144  142  140  136  132
  128  122  117  113  109  107  105  104  104  104  106  107  110  111  111  108
  103   95   88   81   75   71   70   69   68   68   67   67   67   69   71   75
   80   84   89   91   93   92   90   89   87   87   88   89   90   90   90   90
   91   93   96  100  106  111  117  122  126
    55.0-180.0 180.0   5.0 450.0                            LAT/LON1/LON2/DLON/H
  133  138  142  145  147  150  152  153  152  151  148  146  145  145  144  141
  137  132  127  122  118  115  113  112  112  112  113  115  117  118  117  113
  106   97   88   79   73   69   67   67   67   67   66   65   64   65   67   71
   75   80   84   87   89   89   88   86   85   84   85   86   88   89   90   90
   91   94   98  102  109  116  121  128  133
    52.5-180.0 180.0   5.0 450.0                            LAT/LON1/LON2/DLON/H
  142  147  153  157  161  163  165  164  162  157  153  150  149  150  151  150
  147  143  139  133  129  126  124  123  122  121  121  122  124  124  123  118
  109   99   88   79   73   70   69   69   69   69   67   66   65   65   67   69
   74   78   82   85   88   89   87   86   85   84   84   86   88   90   91   92
   93   96  100  106  111  119  127  135  142
    50.0-180.0 180.0   5.0 450.0                            LAT/LON1/LON2/DLON/H
  149  158  165  170  175  179  180  178  174  167  160  154  153  154  157  158
  157  154  150  145  141  138  136  135  133  131  130  130  129  129  126  120
  111  101   90   82   77   74   74   74   74   73   71   69   68   68   69   72
   75   79   83   87   89   90   90   89   86   85   86   86   89   91   93   95
   97  100  104  109  116  123  132  140  149
    47.5-180.0 180.0   5.0 450.0                            LAT/LON1/LON2/DLON/H
  156  167  176  184  190  194  196  195  188  179  169  161  158  160  163  166
  166  164  160  156  153  150  148  146  144  141  137  134  133  131  127  121
  113  103   94   87   82   81   80   81   81   79   77   75   74   73   75   77
   80   83   85   89   91   94   95   94   92   90   89   90   92   95   98  100
  102  106  109  114  120  127  135  146  156
    45.0-180.0 180.0   5.0 450.0                            LAT/LON1/LON2/DLON/H
  163  176  187  195  202  208  211  211  205  194  181  170  165  166  169  172
  172  171  169  166  163  161  159  157  153  148  142  137  133  130  126  121
  115  106   99   93   90   89   89   89   87   85   83   81   81   81   82   83
   85   87   89   92   96   99  101  100   98   96   95   96   98  101  105  108
  111  114  116  121  126  132  140  151  163
    42.5-180.0 180.0   5.0 450.0                            LAT/LON1/LON2/DLON/H
  170  184  196  205  213  219  225  226  221  210  195  182  175  174  177  178
  179  178  176  175  172  170  168  164  159  152  144  137  131  128  125  121
  116  111  105  102  100   99   99   97   95   92   90   89   89   89   89   89
   90   90   91   95   99  104  107  108  106  104  103  104  107  111  114  117
  121  124  126  130  133  139  146  157  170
    40.0-180.0 180.0   5.0 450.0                            LAT/LON1/LON2/DLON/H
  181  195  207  215  222  228  235  239  237  227  212  197  187  185  186  186
  185  184  183  181  180  177  173  169  163  154  144  135  129  125  123  121
  118  115  113  111  111  111  109  106  103  100   98   98   98   97   96   94
   93   92   93   96  102  108  113  115  114  112  111  113  117  122  126  129
  133  136  139  141  143  149  156  166  181
    37.5-180.0 180.0   5.0 450.0                            LAT/LON1/LON2/DLON/H
  195  209  220  225  230  236  244  250  251  244  230  213  202  198  196  195
  193  191  190  189  187  183  178  171  164  154  144  134  128  124  123  123
  121  120  120  121  121  122  119  116  112  110  109  108  106  104  101   97
   94   92   92   96  103  111  118  122  121  120  120  123  128  133  137  141
  145  149  152  155  158  162  170  181  195
    35.0-180.0 180.0   5.0 450.0                            LAT/LON1/LON2/DLON/H
  213  227  235  240  240  245  253  261  265  261  248  232  220  213  209  206
  201  199  197  196  193  188  181  173  164  154  144  135  129  127  126  126
  126  126  126  129  131  132  130  126  124  122  120  119  115  110  104   98
   93   90   90   94  102  112  121  126  127  126  126  131  138  144  147  152
  157  161  165  169  172  178  187  199  213
    32.5-180.0 180.0   5.0 450.0                            LAT/LON1/LON2/DLON/H
  235  249  257  259  257  258  264  274  281  280  269  253  239  230  224  218
  212  208  206  204  200  193  184  174  164  154  145  138  133  131  131  131
  131  130  132  135  139  140  139  137  136  135  133  129  122  114  105   97
   91   86   87   91  100  111  122  128  130  130  132  138  145  152  156  160
  166  172  177  182  187  195  206  219  235
    30.0-180.0 180.0   5.0 450.0                            LAT/LON1/LON2/DLON/H
  257  272  281  282  278  276  280  289  298  300  291  275  260  249  240  232
  224  218  215  212  206  197  186  175  164  155  148  142  139  137  137  136
  135  133  134  137  142  145  146  147  147  146  143  136  126  114  102   93
   86   83   82   87   96  109  120  127  130  131  134  141  150  157  162  167
  173  179  186  193  200  210  224  239  257
    27.5-180.0 180.0   5.0 450.0                            LAT/LON1/LON2/DLON/H
  276  294  305  307  303  299  301  310  320  323  316  300  283  270  259  248
  237  228  223  219  212  202  189  176  165  157  151  147  144  142  141  139
  136  132  132  135  140  146  150  152  153  152  147  138  125  110   97   87
   81   78   78   81   91  104  116  124  129  131  135  142  152  160  165  170
  176  184  192  200  210  222  238  256  276
    25.0-180.0 180.0   5.0 450.0                            LAT/LON1/LON2/DLON/H
  291  313  328  334  332  326  326  335  345  350  343  328  310  295  280  265
  250  239  231  225  217  205  192  178  167  158  152  149  146  144  141  137
  132  128  126  128  135  142  148  152  153  150  144  131  116  100   87   79
   74   72   72   75   85   99  112  121  127  131  135  143  153  161  167  172
  179  188  197  205  217  230  248  269  291
    22.5-180.0 180.0   5.0 450.0                            LAT/LON1/LON2/DLON/H
  300  325  346  358  358  354  354  362  373  378  373  358  340  322  304  284
  264  248  237  229  220  209  195  180  168  158  152  147  144  140  137  132
  125  120  116  119  126  134  141  144  143  139  129  115  100   86   75   69
   65   65   65   70   79   93  108  119  126  131  136  143  153  162  168  173
  181  190  200  210  222  237  254  276  300
    20.0-180.0 180.0   5.0 450.0                            LAT/LON1/LON2/DLON/H
  304  332  358  376  381  380  381  388  399  405  401  389  371  351  329  305
  279  257  243  232  223  212  198  183  169  157  148  141  136  132  127  121
  115  110  106  107  114  122  128  129  125  117  106   93   79   68   61   58
   57   57   58   62   72   88  104  116  126  133  138  146  155  164  171  176
  184  193  203  214  227  241  258  279  304
    17.5-180.0 180.0   5.0 450.0                            LAT/LON1/LON2/DLON/H
  304  333  362  386  397  400  403  411  422  429  426  415  398  378  354  326
  295  268  249  236  225  215  201  185  169  153  141  131  125  119  114  109
  104   99   95   96  102  108  112  108  100   91   79   66   56   48   46   47
   47   48   50   55   67   82  100  115  127  135  142  149  159  167  174  181
  188  198  208  219  231  245  260  279  304
    15.0-180.0 180.0   5.0 450.0                            LAT/LON1/LON2/DLON/H
  303  330  361  387  403  410  415  425  435  443  442  434  420  401  377  346
  311  279  256  240  229  218  204  187  167  148  132  119  111  105  101   97
   92   88   86   86   90   95   94   86   75   63   51   40   34   34   35   36
   37   39   42   49   61   77   95  113  128  139  147  155  164  173  180  187
  194  203  213  225  238  250  264  280  303
    12.5-180.0 180.0   5.0 450.0                            LAT/LON1/LON2/DLON/H
  303  327  356  382  400  410  417  426  437  446  448  443  433  417  393  362
  326  291  265  246  232  221  207  187  165  142  123  108   98   93   89   86
   83   80   78   79   81   83   78   67   53   40   31   29   28   29   30   32
   32   32   35   43   55   72   90  110  128  141  151  160  170  180  188  194
  200  209  219  232  245  257  269  284  303
    10.0-180.0 180.0   5.0 450.0                            LAT/LON1/LON2/DLON/H
  306  326  350  372  389  400  408  417  427  437  442  442  436  424  404  375
  340  304  275  253  237  223  206  185  161  136  113   97   88   83   81   79
   77   75   74   74   75   74   66   53   38   31   27   25   24   25   27   28
   28   29   31   38   51   67   85  105  125  142  154  165  176  187  195  202
  207  215  226  240  254  267  278  290  306
     7.5-180.0 180.0   5.0 450.0                            LAT/LON1/LON2/DLON/H
  315  331  348  364  376  384  390  398  409  418  426  431  430  422  406  382
  350  316  285  261  242  224  204  182  155  129  106   90   81   77   76   75
   74   72   72   72   72   69   59   45   35   30   26   24   23   23   24   25
   26   27   29   36   48   63   79   99  120  140  155  168  181  193  203  209
  214  220  232  248  264  278  289  302  315
     5.0-180.0 180.0   5.0 450.0                            LAT/LON1/LON2/DLON/H
  329  342  354  363  367  369  371  376  384  395  405  413  416  412  401  381
  355  324  294  267  244  223  200  176  149  124  101   85   77   74   74   74
   74   73   72   72   71   67   57   43   36   32   28   26   24   23   23   24
   24   26   29   35   46   57   72   91  114  134  152  169  184  198  208  214
  218  224  237  255  274  290  303  316  329
     2.5-180.0 180.0   5.0 450.0                            LAT/LON1/LON2/DLON/H
  346  360  370  372  368  363  359  359  363  372  383  393  398  397  389  374
  353  327  298  270  244  218  193  168  143  119   98   83   76   74   74   75
   75   74   74   74   72   66   56   43   39   35   31   28   25   23   23   23
   24   26   30   35   44   54   65   83  105  128  148  166  184  198  210  217
  220  226  240  260  282  301  317  331  346
