data/igsg1600.16i
     1.0            IONOSPHERE MAPS     MIX                 IONEX VERSION / TYPE
cmpcmb v1.2          GRL/UWM            22-jun-16 16:52     PGM / RUN BY / DATE 
ionex file containing IGS COMBINED Ionosphere maps          COMMENT             
global ionosphere maps for day 160, 2016                    DESCRIPTION         
IONEX file containing the COMBINED IGS TEC MAPS and DCBs    DESCRIPTION         
      IONEX files of the following IAACs were combined: cod DESCRIPTION         
                                                        jpl DESCRIPTION         
Contact address: Andrzej Krankowski                         DESCRIPTION
                 Geodynamics Research Laboratory            DESCRIPTION
                 University of Warmia and Mazury (GRL/UWM)  DESCRIPTION
                 Oczapowski St. 1                           DESCRIPTION
                 10-957-Olsztyn, POLAND                     DESCRIPTION
                 e-mail:  kand@uwm.edu.pl                   DESCRIPTION
                                                            DESCRIPTION         
  2016     6     8     0     0     0                        EPOCH OF FIRST MAP  
  2016     6     9     0     0     0                        EPOCH OF LAST MAP   
  7200                                                      INTERVAL            
    13                                                      # OF MAPS IN FILE   
  COSZ                                                      MAPPING FUNCTION    
     0.0                                                    ELEVATION CUTOFF    
combined TEC calculated as weighted mean of input TEC valuesOBSERVABLES USED    
   319                                                      # OF STATIONS       
    32                                                      # OF SATELLITES     
  6371.0                                                    BASE RADIUS         
     2                                                      MAP DIMENSION       
   450.0 450.0   0.0                                        HGT1 / HGT2 / DHGT  
    87.5 -87.5  -2.5                                        LAT1 / LAT2 / DLAT  
  -180.0 180.0   5.0                                        LON1 / LON2 / DLON  
    -1                                                      EXPONENT            
TEC values in 0.1 tec units;  9999, if no value available   COMMENT             
DCB values in nanoseconds, reference is Sum_of_SatDCBs = 0  COMMENT             
                                                            END OF HEADER       
[from data line 2574]
     7                                                      START OF TEC MAP    
  2016     6     8    12     0     0                        EPOCH OF CURRENT MAP
    87.5-180.0 180.0   5.0 450.0                            LAT/LON1/LON2/DLON/H
  112  112  111  111  111  111  110  110  109  109  109  108  108  107  107  107
  107  107  107  106  106  107  107  107  107  107  107  108  108  109  109  109
  110  111  111  112  112  113  113  114  114  115  115  115  116  116  116  117
  117  117  117  117  117  117  117  117  117  116  116  116  116  116  115  115
  115  114  114  114  114  113  113  112  112
    85.0-180.0 180.0   5.0 450.0                            LAT/LON1/LON2/DLON/H
  112  112  111  110  110  110  109  108  108  107  106  105  104  104  103  102
  101  101  101  100  100  100  100  101  101  102  103  103  104  105  107  107
  108  109  111  112  113  114  115  116  117  118  118  119  120  120  121  121
  122  122  122  122  122  122  122  121  121  120  120  119  118  117  117  116
  116  115  114  114  114  113  113  112  112
    82.5-180.0 180.0   5.0 450.0                            LAT/LON1/LON2/DLON/H
  111  111  111  111  111  110  109  108  107  106  105  103  102  100   99   98
   96   95   94   94   94   94   94   95   96   97   98  100  101  103  105  107
  108  110  111  113  114  116  117  118  119  120  121  122  123  124  125  126
  126  127  126  127  127  126  126  125  124  123  122  121  120  118  117  116
  115  114  113  113  112  112  112  111  111
    80.0-180.0 180.0   5.0 450.0                            LAT/LON1/LON2/DLON/H
  110  111  111  111  111  111  110  109  107  106  104  101   99   97   95   92
   91   90   89   88   88   88   89   90   92   94   96   98  101  103  106  108
  110  112  114  116  117  118  119  121  121  122  123  124  125  127  128  129
  130  130  131  131  131  130  130  128  127  126  124  122  120  118  116  115
  113  112  111  110  110  109  109  110  110
    77.5-180.0 180.0   5.0 450.0                            LAT/LON1/LON2/DLON/H
  109  110  111  111  112  111  111  109  107  105  102  100   97   93   91   88
   87   85   84   84   84   84   86   88   90   93   96   99  103  106  109  112
  115  117  119  121  121  122  123  123  123  124  124  125  126  127  129  130
  131  132  133  134  134  133  132  131  129  127  125  123  120  118  115  113
  112  110  108  107  106  107  107  108  109
    75.0-180.0 180.0   5.0 450.0                            LAT/LON1/LON2/DLON/H
  107  108  109  110  111  111  110  109  107  104  101   98   94   91   88   86
   84   82   81   81   82   83   85   88   91   94   98  102  106  110  114  117
  121  123  125  126  127  127  126  126  125  124  124  124  125  126  128  129
  131  133  134  135  135  134  133  132  130  128  126  123  121  118  115  113
  110  108  106  105  104  104  104  105  107
    72.5-180.0 180.0   5.0 450.0                            LAT/LON1/LON2/DLON/H
  103  104  106  107  108  109  108  107  105  103  100   97   93   90   87   85
   83   81   81   81   82   84   87   90   93   97  101  106  110  114  118  122
  126  128  130  131  132  131  130  128  126  124  123  122  123  124  125  128
  130  131  133  134  134  133  132  131  129  127  126  123  121  119  116  113
  110  107  105  103  102  101  101  102  103
    70.0-180.0 180.0   5.0 450.0                            LAT/LON1/LON2/DLON/H
   98   99  100  101  103  103  104  103  102  101   99   96   94   91   88   86
   84   83   82   83   84   86   89   93   96  100  104  109  113  117  121  125
  129  132  134  135  136  135  132  130  126  124  122  120  120  121  122  124
  127  129  130  131  131  130  129  127  126  125  124  123  122  120  118  115
  112  109  106  103  101   99   98   98   98
    67.5-180.0 180.0   5.0 450.0                            LAT/LON1/LON2/DLON/H
   92   91   92   93   94   95   97   98   98   98   97   96   94   92   90   88
   87   86   85   86   88   89   92   96   99  103  107  111  114  118  122  126
  130  133  136  137  138  137  134  131  127  123  121  119  118  118  120  122
  124  126  127  127  126  125  123  122  122  121  122  122  122  122  121  119
  117  114  110  106  102   98   95   93   92
    65.0-180.0 180.0   5.0 450.0                            LAT/LON1/LON2/DLON/H
   86   83   82   82   83   85   88   90   93   94   94   95   94   94   93   91
   90   90   89   90   91   92   95   97  100  104  107  111  115  118  123  126
  130  134  137  138  138  137  135  131  128  124  121  119  117  118  119  121
  122  123  123  122  120  118  117  116  116  117  119  121  123  124  125  125
  123  120  115  111  105   99   93   89   86
    62.5-180.0 180.0   5.0 450.0                            LAT/LON1/LON2/DLON/H
   80   75   73   72   72   74   77   81   84   88   90   91   92   93   94   93
   93   93   92   93   93   94   95   97  100  103  107  110  115  119  123  127
  131  135  137  139  138  137  135  132  128  125  122  121  120  119  120  121
  122  122  121  118  115  112  110  109  110  113  116  120  124  127  130  131
  130  127  123  117  109  101   93   86   80
    60.0-180.0 180.0   5.0 450.0                            LAT/LON1/LON2/DLON/H
   76   70   65   63   62   64   67   72   76   79   82   85   88   90   92   94
   95   95   95   94   94   94   94   96   98  102  106  111  116  120  125  130
  134  137  139  140  139  138  135  133  130  127  125  124  123  123  123  124
  124  122  119  115  111  108  105  104  107  110  115  120  126  130  134  136
  137  135  130  123  114  104   94   84   76
    57.5-180.0 180.0   5.0 450.0                            LAT/LON1/LON2/DLON/H
   76   68   61   57   56   57   60   63   67   70   73   77   80   84   88   91
   93   95   95   94   93   92   92   93   96  100  106  112  119  125  131  136
  140  143  143  143  141  139  136  133  131  130  129  129  129  128  128  127
  126  124  120  115  110  106  104  104  106  111  116  122  129  133  138  141
  142  140  136  129  119  108   96   85   76
    55.0-180.0 180.0   5.0 450.0                            LAT/LON1/LON2/DLON/H
   78   69   62   57   55   54   55   57   60   62   65   68   71   75   80   85
   90   93   93   92   90   89   89   90   94  100  107  116  124  133  140  145
  148  150  150  148  145  141  137  135  134  133  134  134  134  133  133  132
  130  127  122  117  112  108  106  107  110  116  121  127  132  137  140  143
  144  143  139  132  123  111  100   89   78
    52.5-180.0 180.0   5.0 450.0                            LAT/LON1/LON2/DLON/H
   83   74   67   61   58   55   55   55   56   56   58   59   62   66   72   79
   85   89   91   90   88   86   86   88   93  101  110  121  132  142  150  156
  159  161  159  156  150  145  141  138  137  137  138  139  139  138  137  135
  133  130  126  121  117  114  113  114  118  123  128  133  136  139  142  143
  144  143  140  133  125  114  104   93   83
    50.0-180.0 180.0   5.0 450.0                            LAT/LON1/LON2/DLON/H
   90   82   75   69   64   61   60   58   57   55   54   54   55   58   64   71
   79   85   88   88   86   84   84   88   94  103  115  127  140  151  160  166
  170  171  169  165  158  151  146  142  141  141  142  142  142  141  140  138
  136  134  131  127  123  121  121  123  127  132  136  139  141  142  143  143
  142  140  137  132  125  117  108   99   90
    47.5-180.0 180.0   5.0 450.0                            LAT/LON1/LON2/DLON/H
   97   90   84   78   74   70   67   64   62   59   56   54   52   54   59   66
   75   83   86   86   85   84   84   89   96  107  120  133  146  158  167  174
  179  181  180  176  169  162  155  150  147  147  147  146  145  144  143  141
  140  138  135  133  131  129  130  133  137  140  144  146  146  146  144  143
  140  138  135  131  125  119  112  104   97
    45.0-180.0 180.0   5.0 450.0                            LAT/LON1/LON2/DLON/H
  104   98   93   88   84   80   76   73   70   66   62   57   54   54   57   64
   73   82   87   88   86   85   87   91  100  111  124  138  150  161  171  179
  185  190  192  190  185  177  170  163  158  156  154  152  150  148  147  146
  144  143  141  139  137  136  137  140  143  147  150  151  152  150  147  144
  140  137  133  129  126  121  116  110  104
    42.5-180.0 180.0   5.0 450.0                            LAT/LON1/LON2/DLON/H
  110  105  100   96   92   89   86   82   79   76   71   65   60   58   59   65
   74   84   90   91   90   89   91   96  105  116  128  141  152  163  172  181
  190  198  205  207  205  199  191  182  174  168  164  160  158  155  154  153
  152  149  146  144  142  141  142  144  147  151  154  157  158  157  153  148
  143  139  134  130  127  124  120  114  110
    40.0-180.0 180.0   5.0 450.0                            LAT/LON1/LON2/DLON/H
  114  109  105  101   98   95   93   91   88   86   82   75   69   64   64   68
   77   87   94   96   95   95   97  102  110  120  131  142  153  162  172  182
  194  208  220  229  231  228  219  207  196  187  180  174  170  167  166  165
  162  157  152  148  145  144  145  147  150  154  159  162  165  165  161  155
  150  143  138  134  131  127  123  118  114
    37.5-180.0 180.0   5.0 450.0                            LAT/LON1/LON2/DLON/H
  117  112  108  104  101   99   98   96   96   95   92   86   79   73   70   73
   81   91   99  102  102  101  103  107  114  124  134  144  153  162  171  183
  199  219  239  254  262  262  253  239  224  212  201  193  188  185  184  182
  177  168  160  153  149  148  149  151  155  159  165  171  175  174  170  164
  157  150  144  140  135  131  126  121  117
    35.0-180.0 180.0   5.0 450.0                            LAT/LON1/LON2/DLON/H
  118  113  108  105  102  100   99   99  100  100   99   95   88   81   77   78
   85   95  103  107  107  108  109  112  119  127  136  145  154  163  173  187
  207  232  259  281  295  298  290  275  257  241  228  218  211  208  206  203
  194  181  170  161  156  155  157  160  164  169  175  181  186  186  181  174
  166  158  151  146  141  135  129  123  118
    32.5-180.0 180.0   5.0 450.0                            LAT/LON1/LON2/DLON/H
  119  114  109  105  102  100   99   99  100  103  103  101   95   87   82   82
   88   98  107  111  112  112  114  117  122  130  139  149  158  168  180  195
  218  248  281  309  327  334  328  311  291  273  257  244  236  232  231  225
  213  197  182  172  168  168  172  176  180  185  191  196  200  198  191  183
  174  166  159  152  146  139  132  125  119
    30.0-180.0 180.0   5.0 450.0                            LAT/LON1/LON2/DLON/H
  121  115  109  105  101   99   97   97   99  101  103  102   97   90   85   84
   89   99  108  113  115  115  117  120  125  133  143  154  164  175  189  206
  232  266  302  334  356  364  359  344  323  302  284  269  260  256  254  247
  232  213  196  187  185  187  192  198  202  206  211  214  214  209  201  190
  181  173  166  158  151  143  135  127  121
    27.5-180.0 180.0   5.0 450.0                            LAT/LON1/LON2/DLON/H
  123  116  110  105  101   98   96   94   95   97   99   99   96   90   85   83
   87   97  107  113  116  117  118  121  127  136  148  160  173  186  201  220
  248  283  320  353  375  385  382  367  346  324  304  288  278  275  274  266
  250  228  212  205  205  210  217  223  228  230  231  230  226  218  207  195
  186  178  171  164  156  147  138  130  123
    25.0-180.0 180.0   5.0 450.0                            LAT/LON1/LON2/DLON/H
  125  119  112  107  102   99   96   93   91   91   92   92   90   87   83   81
   85   94  105  111  115  117  118  122  129  140  153  168  183  198  214  235
  263  298  334  364  384  394  391  377  357  335  315  299  290  288  288  282
  264  244  229  225  228  235  244  250  253  252  249  244  235  223  210  197
  188  181  175  169  160  151  141  133  125
    22.5-180.0 180.0   5.0 450.0                            LAT/LON1/LON2/DLON/H
  128  122  116  110  105  101   97   92   88   85   84   84   83   82   79   78
   82   91  101  109  113  115  118  122  131  143  160  177  194  210  227  249
  277  310  340  365  381  387  384  371  352  332  314  300  294  295  298  293
  277  258  247  246  251  260  269  273  273  269  261  250  238  224  210  197
  188  183  177  171  162  153  143  135  128
    20.0-180.0 180.0   5.0 450.0                            LAT/LON1/LON2/DLON/H
  130  124  119  113  108  104   99   93   87   81   78   77   77   77   76   76
   80   88   97  105  110  113  116  123  134  149  167  186  204  221  238  260
  287  315  339  355  365  367  362  350  334  319  305  296  293  298  304  302
  288  272  264  266  273  282  288  290  286  277  263  248  234  220  206  194
  186  180  175  169  162  152  144  136  130
    17.5-180.0 180.0   5.0 450.0                            LAT/LON1/LON2/DLON/H
  130  125  120  115  110  106  101   94   87   80   74   73   73   74   74   74
   78   85   94  102  107  110  115  124  137  155  175  195  214  230  247  267
  291  314  329  337  338  336  330  320  309  300  293  289  292  299  307  307
  297  286  282  284  291  298  302  300  291  277  259  241  225  211  199  188
  180  175  170  164  156  149  141  135  130
    15.0-180.0 180.0   5.0 450.0                            LAT/LON1/LON2/DLON/H
  128  123  119  114  110  106  102   96   89   81   74   71   72   73   74   75
   77   83   91   99  104  109  115  126  142  161  183  204  222  238  252  270
  290  305  312  312  308  303  297  291  286  284  283  286  292  301  310  312
  305  299  297  299  303  308  309  303  290  271  249  229  213  201  190  180
  172  166  160  154  148  142  136  131  128
    12.5-180.0 180.0   5.0 450.0                            LAT/LON1/LON2/DLON/H
  122  118  113  109  107  104  100   96   89   82   76   74   74   76   76   76
   78   83   90   97  102  107  115  128  146  168  190  211  229  243  256  270
  284  293  294  290  283  277  273  272  274  277  282  289  296  305  312  314
  311  308  308  309  310  311  309  300  284  262  238  216  201  190  180  171
  162  155  148  141  136  131  128  124  122
    10.0-180.0 180.0   5.0 450.0                            LAT/LON1/LON2/DLON/H
  113  109  105  102  100   98   96   93   88   82   78   76   77   78   79   78
   79   84   90   97  102  107  117  132  152  174  196  217  234  247  258  269
  278  282  280  275  269  266  266  270  277  284  291  296  302  309  313  313
  312  313  313  311  309  308  304  293  275  252  226  205  191  180  170  160
  151  141  134  128  123  120  118  116  113
     7.5-180.0 180.0   5.0 450.0                            LAT/LON1/LON2/DLON/H
  104  100   95   92   91   91   89   88   84   81   78   77   78   79   79   78
   79   83   90   97  102  109  120  136  157  179  200  220  236  249  259  268
  274  276  274  272  271  274  280  288  296  301  303  304  307  309  309  308
  309  310  310  305  300  297  293  282  265  242  218  197  183  172  161  149
  138  129  121  115  112  110  109  107  104
     5.0-180.0 180.0   5.0 450.0                            LAT/LON1/LON2/DLON/H
   95   90   86   83   82   82   82   80   78   76   74   74   76   78   78   77
   78   83   90   97  103  111  123  140  161  182  203  220  236  248  259  267
  274  277  279  284  291  300  310  318  320  318  313  307  304  303  301  298
  299  300  298  291  284  281  278  269  253  232  209  191  177  166  152  138
  127  117  110  105  103  102  101   99   95
     2.5-180.0 180.0   5.0 450.0                            LAT/LON1/LON2/DLON/H
   89   83   78   76   76   75   74   72   71   69   68   69   70   73   73   72
   74   80   89   96  103  112  125  143  163  183  202  219  233  245  256  267
  277  285  294  306  319  333  344  347  342  329  313  299  292  289  286  283
  282  283  279  270  262  260  259  252  239  220  201  184  171  159  143  127
  115  107  101   98   97   97   96   93   89
