data/igsg1600.16i
     1.0            IONOSPHERE MAPS     MIX                 IONEX VERSION / TYPE
cmpcmb v1.2          GRL/UWM            22-jun-16 16:52     PGM / RUN BY / DATE 
ionex file containing IGS COMBINED Ionosphere maps          COMMENT             
global ionosphere maps for day 160, 2016                    DESCRIPTION         
IONEX file containing the COMBINED IGS TEC MAPS and DCBs    DESCRIPTION         
      IONEX files of the following IAACs were combined: cod DESCRIPTION         
                                                        jpl DESCRIPTION         
Contact address: Andrzej Krankowski                         DESCRIPTION
                 Geodynamics Research Laboratory            DESCRIPTION
                 University of Warmia and Mazury (GRL/UWM)  DESCRIPTION
                 Oczapowski St. 1                           DESCRIPTION
                 10-957-Olsztyn, POLAND                     DESCRIPTION
                 e-mail:  kand@uwm.edu.pl                   DESCRIPTION
                                                            DESCRIPTION         
  2016     6     8     0     0     0                        EPOCH OF FIRST MAP  
  2016     6     9     0     0     0                        EPOCH OF LAST MAP   
  7200                                                      INTERVAL            
    13                                                      # OF MAPS IN FILE   
  COSZ                                                      MAPPING FUNCTION    
     0.0                                                    ELEVATION CUTOFF    
combined TEC calculated as weighted mean of input TEC valuesOBSERVABLES USED    
   319                                                      # OF STATIONS       
    32                                                      # OF SATELLITES     
  6371.0                                                    BASE RADIUS         
     2                                                      MAP DIMENSION       
   450.0 450.0   0.0                                        HGT1 / HGT2 / DHGT  
    87.5 -87.5  -2.5                                        LAT1 / LAT2 / DLAT  
  -180.0 180.0   5.0                                        LON1 / LON2 / DLON  
    -1                                                      EXPONENT            
TEC values in 0.1 tec units;  9999, if no value available   COMMENT             
DCB values in nanoseconds, reference is Sum_of_SatDCBs = 0  COMMENT             
                                                            END OF HEADER       
[from data line 3003]
     8                                                      START OF TEC MAP    
  2016     6     8    14     0     0                        EPOCH OF CURRENT MAP
    87.5-180.0 180.0   5.0 450.0                            LAT/LON1/LON2/DLON/H
  107  106  106  106  105  105  105  105  104  104  104  104  104  104  104  104
  104  104  104  105  105  106  106  106  106  107  108  108  109  109  110  110
  111  111  112  113  113  113  114  114  114  115  115  115  115  115  115  115
  115  115  115  115  114  114  114  114  113  113  113  112  112  111  111  110
  110  110  109  109  109  108  108  107  107
    85.0-180.0 180.0   5.0 450.0                            LAT/LON1/LON2/DLON/H
  104  103  102  102  101  101  100  100   99   99   98   98   98   97   97   97
   98   98   98   99   99  100  101  102  103  104  105  106  108  108  110  111
  112  113  114  115  115  116  117  117  118  118  118  118  118  118  118  118
  118  118  118  117  117  116  116  116  115  114  114  113  113  112  111  111
  110  109  108  107  107  106  105  105  104
    82.5-180.0 180.0   5.0 450.0                            LAT/LON1/LON2/DLON/H
  101  100  100   99   98   97   96   96   95   94   93   93   92   92   92   92
   92   92   92   93   94   95   96   98   99  101  102  105  106  108  110  111
  113  115  116  117  118  119  120  120  120  120  120  120  120  120  120  120
  120  119  119  119  118  118  117  117  116  115  114  113  112  111  111  110
  109  108  107  106  105  104  103  102  101
    80.0-180.0 180.0   5.0 450.0                            LAT/LON1/LON2/DLON/H
  100   98   98   97   96   95   94   93   92   91   90   89   89   88   88   88
   88   88   88   89   90   91   93   94   96   99  101  104  107  109  111  114
  116  117  119  120  121  121  121  121  121  121  121  121  120  120  120  120
  120  120  119  119  118  118  117  116  116  115  114  113  111  110  110  108
  107  106  105  104  103  102  101  101  100
    77.5-180.0 180.0   5.0 450.0                            LAT/LON1/LON2/DLON/H
   98   98   97   97   96   95   94   93   91   90   90   88   87   87   86   86
   86   86   86   87   88   90   92   94   96   99  102  105  108  111  114  117
  119  121  122  122  123  123  122  122  121  120  120  119  119  119  119  119
  119  119  119  119  118  117  117  116  115  113  112  111  110  109  108  107
  105  104  103  102  101  101  100   99   98
    75.0-180.0 180.0   5.0 450.0                            LAT/LON1/LON2/DLON/H
   98   97   97   97   97   96   95   94   93   92   91   90   89   88   87   87
   87   87   88   88   90   92   94   96   99  102  105  108  112  115  118  120
  123  124  125  125  125  124  123  121  120  119  118  117  117  117  117  117
  118  119  119  119  118  117  116  115  113  112  111  109  108  107  106  104
  103  102  101  100   99   99   98   98   98
    72.5-180.0 180.0   5.0 450.0                            LAT/LON1/LON2/DLON/H
   97   97   98   98   98   98   98   97   96   95   94   93   92   91   90   90
   90   90   91   92   93   95   98  101  103  107  111  114  117  120  123  125
  126  127  128  127  126  125  123  121  119  117  116  115  114  115  115  117
  118  118  119  119  118  117  116  114  112  110  109  107  106  105  104  103
  101  100   99   98   97   97   96   96   97
    70.0-180.0 180.0   5.0 450.0                            LAT/LON1/LON2/DLON/H
   95   97   97   99  100  100  100  100  100   99   98   98   96   96   95   94
   94   94   95   96   98  101  103  106  110  113  116  120  122  125  127  128
  129  130  130  129  128  126  124  121  118  116  114  113  113  113  115  116
  118  119  120  119  118  117  114  112  110  108  107  106  105  104  103  102
  100   98   97   96   94   94   94   95   95
    67.5-180.0 180.0   5.0 450.0                            LAT/LON1/LON2/DLON/H
   93   94   96   98  100  101  102  103  103  102  102  102  101  101  100   99
   98   99  100  101  104  106  109  111  115  118  122  125  128  129  131  132
  132  132  132  130  129  127  125  122  119  117  114  113  113  113  115  116
  118  120  120  119  118  116  113  110  108  107  106  105  105  104  103  101
   99   97   95   93   92   91   92   92   93
    65.0-180.0 180.0   5.0 450.0                            LAT/LON1/LON2/DLON/H
   90   91   93   95   97   99  101  102  104  104  105  105  105  105  104  103
  102  103  103  105  107  110  112  115  118  122  126  129  132  133  134  134
  134  133  133  132  131  129  127  124  121  118  116  114  113  114  115  117
  119  120  120  119  116  114  111  108  107  106  106  106  106  106  105  103
  101   97   95   92   90   89   88   89   90
    62.5-180.0 180.0   5.0 450.0                            LAT/LON1/LON2/DLON/H
   86   87   88   91   93   95   97   99  101  103  104  106  107  107  107  106
  105  105  106  107  109  111  114  116  120  125  129  133  135  137  138  137
  137  136  135  134  134  132  130  128  125  122  119  117  116  116  117  118
  120  121  119  118  115  111  108  106  105  106  107  108  109  109  108  106
  102   98   94   91   88   86   85   86   86
    60.0-180.0 180.0   5.0 450.0                            LAT/LON1/LON2/DLON/H
   82   83   83   85   87   89   92   95   97   99  102  104  106  107  107  107
  106  106  107  108  109  111  113  115  120  125  130  135  139  141  142  142
  141  140  139  137  136  135  134  132  129  126  124  122  120  120  120  121
  121  121  120  117  113  110  107  105  105  106  109  111  113  113  112  109
  105  100   95   91   87   85   83   82   82
    57.5-180.0 180.0   5.0 450.0                            LAT/LON1/LON2/DLON/H
   79   78   79   79   81   83   86   88   92   94   98  101  103  105  106  106
  106  106  106  107  107  109  111  114  118  125  131  138  143  147  148  149
  148  147  144  143  141  139  138  136  134  131  129  127  126  125  124  123
  123  122  120  116  112  109  106  105  106  109  112  115  116  117  116  112
  108  102   97   92   88   85   82   80   79
    55.0-180.0 180.0   5.0 450.0                            LAT/LON1/LON2/DLON/H
   78   75   75   75   75   78   81   84   87   90   93   97  100  103  104  105
  106  105  105  105  105  106  108  111  117  124  133  140  148  153  156  158
  158  156  154  150  147  144  142  140  138  136  135  133  131  130  128  126
  125  123  121  116  113  110  108  107  109  112  115  118  120  121  119  116
  110  105   99   94   89   86   83   80   78
    52.5-180.0 180.0   5.0 450.0                            LAT/LON1/LON2/DLON/H
   78   75   73   72   73   75   78   81   85   87   90   93   97  100  103  104
  105  105  104  104  104  105  107  111  117  125  135  145  153  161  166  169
  170  169  166  160  154  149  146  143  142  141  140  139  137  135  133  131
  128  126  123  120  116  113  111  111  113  116  120  122  123  123  121  118
  113  107  102   97   92   89   85   81   78
    50.0-180.0 180.0   5.0 450.0                            LAT/LON1/LON2/DLON/H
   80   76   74   73   73   75   79   82   85   88   90   92   96   99  102  105
  106  106  105  104  104  104  107  112  118  127  138  149  159  169  177  183
  186  185  181  174  165  157  152  148  147  146  146  145  144  141  139  136
  133  130  127  124  121  119  118  118  119  121  123  125  126  126  124  120
  116  111  105  101   97   93   88   84   80
    47.5-180.0 180.0   5.0 450.0                            LAT/LON1/LON2/DLON/H
   84   80   77   76   76   78   82   86   89   91   93   94   97  100  104  107
  109  109  108  107  106  107  110  115  122  132  143  155  166  177  188  197
  203  204  201  192  181  171  162  157  154  152  152  151  150  148  146  142
  139  137  134  131  128  126  125  124  125  126  127  128  128  127  126  123
  119  116  111  106  103   98   93   88   84
    45.0-180.0 180.0   5.0 450.0                            LAT/LON1/LON2/DLON/H
   88   85   82   81   81   83   87   91   94   96   98   99  101  104  109  113
  115  116  115  113  112  112  115  121  128  138  149  160  173  185  198  211
  221  225  223  216  203  189  178  170  164  161  159  158  158  156  154  151
  148  145  142  139  137  135  133  132  131  130  130  130  130  130  129  126
  124  120  117  113  108  103   98   93   88
    42.5-180.0 180.0   5.0 450.0                            LAT/LON1/LON2/DLON/H
   93   90   88   86   86   88   91   96  100  102  104  105  108  112  116  121
  124  126  124  122  120  120  123  129  137  146  156  167  178  192  208  224
  238  247  249  244  232  217  202  190  181  174  170  168  167  166  164  160
  157  154  151  149  146  144  142  139  136  133  132  132  132  132  132  131
  129  126  123  119  114  109  103   98   93
    40.0-180.0 180.0   5.0 450.0                            LAT/LON1/LON2/DLON/H
   96   94   92   90   90   91   94   98  103  107  110  112  116  120  126  131
  135  136  135  132  130  130  133  138  146  155  165  174  185  198  216  236
  254  269  277  276  267  252  235  218  204  192  185  181  179  177  175  172
  168  165  161  158  155  153  150  145  141  137  135  134  135  137  137  137
  135  132  128  124  119  113  106  101   96
    37.5-180.0 180.0   5.0 450.0                            LAT/LON1/LON2/DLON/H
  100   97   96   94   92   92   94   98  104  109  114  119  123  128  135  141
  146  147  146  143  141  140  143  148  156  165  173  182  191  205  223  246
  270  291  306  311  307  293  273  252  233  217  205  198  194  192  188  184
  180  175  171  167  164  161  157  152  146  141  138  138  140  142  143  143
  141  137  133  128  123  116  110  104  100
    35.0-180.0 180.0   5.0 450.0                            LAT/LON1/LON2/DLON/H
  101   99   98   95   93   91   91   95  101  109  117  123  129  136  142  149
  154  156  155  153  150  150  152  158  166  175  183  190  199  212  231  256
  284  312  335  347  348  336  314  289  266  246  230  219  212  208  203  197
  191  185  179  175  172  170  165  159  152  146  143  144  147  150  152  150
  147  142  136  131  125  119  112  106  101
    32.5-180.0 180.0   5.0 450.0                            LAT/LON1/LON2/DLON/H
  101   99   98   95   92   88   86   89   97  106  116  125  133  140  148  154
  159  162  162  160  158  157  159  166  174  183  193  200  209  221  240  266
  297  331  361  380  386  375  353  325  299  277  257  242  232  224  218  211
  202  194  187  183  180  177  173  167  159  153  151  153  156  160  160  157
  151  145  138  133  126  120  113  106  101
    30.0-180.0 180.0   5.0 450.0                            LAT/LON1/LON2/DLON/H
  101   99   98   95   90   85   82   83   91  102  113  124  134  142  149  155
  160  164  165  163  162  162  165  172  182  193  203  211  221  233  252  277
  311  348  383  407  416  407  384  355  329  305  283  264  250  240  232  223
  213  203  195  190  188  185  180  173  166  160  159  162  166  170  168  163
  154  146  138  132  128  121  113  106  101
    27.5-180.0 180.0   5.0 450.0                            LAT/LON1/LON2/DLON/H
  101   99   98   94   88   82   77   78   84   95  108  120  131  141  148  154
  159  163  164  164  164  164  168  177  188  201  213  224  234  247  265  290
  324  363  400  426  436  427  404  375  350  328  304  283  267  255  245  235
  223  212  204  198  196  193  188  180  172  167  167  170  175  177  174  166
  156  145  138  132  128  121  114  106  101
    25.0-180.0 180.0   5.0 450.0                            LAT/LON1/LON2/DLON/H
  101   99   98   94   87   80   75   74   80   89  102  115  127  137  144  150
  155  160  162  164  164  166  170  180  194  209  223  237  249  263  280  305
  337  374  409  434  443  433  409  382  360  340  317  295  278  266  256  246
  234  223  213  208  204  200  194  185  177  171  171  175  180  181  177  167
  154  143  135  131  127  123  115  106  101
    22.5-180.0 180.0   5.0 450.0                            LAT/LON1/LON2/DLON/H
  101   99   97   94   87   80   75   74   77   85   96  108  121  131  139  146
  151  156  159  161  162  164  171  183  199  216  234  250  264  279  296  319
  347  380  409  430  436  423  399  375  357  341  321  300  284  274  265  256
  245  234  224  218  212  207  198  189  179  172  171  174  178  179  174  164
  151  140  133  129  127  122  114  106  101
    20.0-180.0 180.0   5.0 450.0                            LAT/LON1/LON2/DLON/H
  100   98   96   93   87   81   76   74   76   82   90  102  115  126  135  141
  147  153  156  159  160  163  170  184  202  223  244  262  278  294  309  329
  353  378  399  413  414  399  376  355  343  332  316  300  287  280  273  266
  256  246  236  229  221  212  201  189  177  168  166  168  170  170  165  156
  144  135  129  126  125  121  113  105  100
    17.5-180.0 180.0   5.0 450.0                            LAT/LON1/LON2/DLON/H
   99   97   95   91   87   82   79   77   78   81   88   97  110  122  132  139
  145  151  155  157  157  161  170  185  207  230  253  273  290  304  318  334
  351  367  380  384  380  364  343  328  323  319  309  297  289  284  280  274
  266  257  248  239  229  216  202  186  172  162  157  156  157  156  152  145
  136  129  124  122  120  116  109  102   99
    15.0-180.0 180.0   5.0 450.0                            LAT/LON1/LON2/DLON/H
   95   94   92   89   85   82   79   79   79   81   85   95  107  120  130  137
  145  150  154  156  157  160  170  188  211  237  260  281  298  310  321  331
  341  348  350  348  340  325  310  302  304  307  303  295  291  288  285  280
  273  266  257  247  233  217  199  181  165  153  145  142  141  140  138  133
  127  122  119  117  114  109  104   99   95
    12.5-180.0 180.0   5.0 450.0                            LAT/LON1/LON2/DLON/H
   91   90   87   84   81   79   79   80   81   81   84   92  105  118  129  138
  146  152  156  157  157  161  172  192  217  244  267  287  301  310  316  321
  323  322  318  312  303  293  284  285  293  301  301  297  293  290  286  281
  275  269  261  249  233  214  193  175  157  143  134  129  127  126  126  123
  120  116  113  110  105  100   96   92   91
    10.0-180.0 180.0   5.0 450.0                            LAT/LON1/LON2/DLON/H
   86   85   82   78   75   73   75   77   79   79   81   90  103  117  128  138
  147  155  160  162  161  165  177  198  224  250  273  289  299  305  307  305
  302  297  291  283  278  274  274  282  295  304  304  301  295  289  282  275
  269  264  256  244  227  206  185  166  149  134  124  118  116  117  118  117
  114  111  107  102   96   90   87   85   86
     7.5-180.0 180.0   5.0 450.0                            LAT/LON1/LON2/DLON/H
   80   80   76   71   67   65   68   72   74   74   77   86  100  114  127  139
  150  159  166  168  168  172  185  207  233  258  277  289  296  298  296  292
  286  280  273  270  270  274  282  295  306  312  310  303  293  282  271  261
  254  249  242  230  212  193  173  156  140  125  115  111  110  113  116  116
  113  108  101   94   87   81   79   79   80
     5.0-180.0 180.0   5.0 450.0                            LAT/LON1/LON2/DLON/H
   77   76   71   65   59   56   59   64   67   68   71   80   94  110  124  138
  151  164  172  176  177  181  194  216  242  265  281  289  292  292  289  284
  278  274  272  275  282  293  305  316  323  322  313  300  285  268  252  239
  231  225  219  209  193  175  159  144  129  116  108  105  107  112  117  118
  114  105   96   87   80   74   73   74   77
     2.5-180.0 180.0   5.0 450.0                            LAT/LON1/LON2/DLON/H
   74   74   68   60   53   49   51   56   59   60   64   73   88  104  120  135
  151  167  178  184  186  191  204  224  249  270  285  290  291  290  287  284
  282  283  286  294  307  321  332  339  336  325  308  289  268  246  227  212
  202  197  191  183  170  155  142  130  118  108  101  101  106  113  120  121
  115  103   91   82   74   70   69   72   74
